Traj Not Smooth
[0.9795758744777181, -0.012776373808393103, 437.99292756390173]
[0.9795758744777181, -0.012776373808393103, 437.99292756390173]
[0.9795758744777181, -0.012776373808393103, 437.99292756390173]
[0.9795758744777181, -0.012776373808393103, 437.99292756390173]
[0.9795758744777181, -0.012776373808393103, 437.99292756390173]
[0.9795758744777181, -0.012776373808393103, 437.99292756390173]
[0.9795758744777181, -0.012776373808393103, 437.99292756390173]
[0.97959432488671, -0.011273341839456592, 437.99292756390173]
[0.97959432488671, -0.011273341839456592, 437.99292756390173]
[0.97959432488671, -0.011273341839456592, 437.99292756390173]
[0.9795758744777181, -0.012776373808393103, 437.99292756390173]
[0.9795758744777181, -0.012776373808393103, 437.99292756390173]
[0.9795758744777181, -0.012776373808393103, 437.99292756390173]
[0.6405339334103142, -0.007371375892704012, 437.9942871078429]
[0.9795758744777181, -0.012776373808393103, 437.99292756390173]
[0.9795758744777181, -0.012776373808393103, 437.99292756390173]
[0.9795758744777181, -0.012776373808393103, 437.99292756390173]
[0.9795758744777181, -0.012776373808393103, 437.99292756390173]
[0.9795758744777181, -0.012776373808393103, 437.99292756390173]
[0.6405218691172246, -0.008354173520911681, 437.9942871078429]
[0.9795758744777181, -0.012776373808393103, 437.99292756390173]
[0.9795758744777181, -0.012776373808393103, 437.99292756390173]
[0.97959432488671, -0.011273341839456592, 437.99292756390173]
[0.97959432488671, -0.011273341839456592, 437.99292756390173]
[0.6405339334103142, -0.007371375892704012, 437.9942871078429]
[0.9795758744777181, -0.012776373808393103, 437.99292756390173]
[0.9795758744777181, -0.012776373808393103, 437.99292756390173]
[0.9795758744777181, -0.012776373808393103, 437.99292756390173]
[0.97959432488671, -0.011273341839456592, 437.99292756390173]
[0.97959432488671, -0.011273341839456592, 437.99292756390173]
Start Here
[0.97959432488671, -0.011273341839456592, 437.99292756390173]
[-69.2615373545204, -12.953695004224405, 429.42208097114434]
[-83.26060969112817, -15.571882822699923, 424.5531974676577]
[-195.00499027798855, -80.27026551058893, 339.8282597755239]
[-195.00499027798855, -80.27026551058893, 339.8282597755239]
[-224.40323616236356, -151.2366851810718, 199.2097435438231]
[-169.96102945148638, -175.0566801211694, 77.89919765982722]
[-169.96102945148638, -175.0566801211694, 77.89919765982722]
[-115.48439673441962, -177.3087695202364, 49.92764569216713]
[-115.24296953012211, -181.77875858711985, 51.63203548575983]
[-115.24296953012211, -181.77875858711985, 51.63203548575983]
[-114.90939273275363, -181.8690657581619, 51.301872624475635]
[-115.24296953012211, -181.77875858711985, 51.63203548575983]
[-115.24296953012211, -181.77875858711985, 51.63203548575983]
[-115.18830914142431, -181.69253989940393, 51.301872624475635]
[-115.01858087587837, -182.04187970408665, 51.51977685880291]
[-115.01858087587837, -182.04187970408665, 51.51977685880291]
[-114.96392076705342, -181.95536821281675, 51.63203548575983]
[-114.90939273275363, -181.8690657581619, 51.301872624475635]
[-114.90939273275363, -181.8690657581619, 51.301872624475635]
[-115.24296953012211, -181.77875858711985, 51.63203548575983]
[-114.90939273275363, -181.8690657581619, 51.301872624475635]
[-114.90939273275363, -181.8690657581619, 51.301872624475635]
[-114.90939273275363, -181.8690657581619, 51.301872624475635]
[-114.90939273275363, -181.8690657581619, 51.301872624475635]
[-115.29776231392592, -181.86518610855563, 51.51977685880291]
[-115.29776231392592, -181.86518610855563, 51.51977685880291]
[-115.29776231392592, -181.86518610855563, 51.51977685880291]
[-114.96392076705342, -181.95536821281675, 51.63203548575983]
[-114.90939273275363, -181.8690657581619, 51.301872624475635]
[-114.90939273275363, -181.8690657581619, 51.301872624475635]
[-115.18830914142431, -181.69253989940393, 51.301872624475635]
[-115.24296953012211, -181.77875858711985, 51.63203548575983]
[-115.24296953012211, -181.77875858711985, 51.63203548575983]
[-114.90939273275363, -181.8690657581619, 51.301872624475635]
[-115.18830914142431, -181.69253989940393, 51.301872624475635]
[-115.18830914142431, -181.69253989940393, 51.301872624475635]
[-114.90939273275363, -181.8690657581619, 51.301872624475635]
[-114.90939273275363, -181.8690657581619, 51.301872624475635]
[-114.90939273275363, -181.8690657581619, 51.301872624475635]
[-115.29776231392592, -181.86518610855563, 51.51977685880291]
[-115.29776231392592, -181.86518610855563, 51.51977685880291]
[-115.29776231392592, -181.86518610855563, 51.51977685880291]
[-115.29776231392592, -181.86518610855563, 51.51977685880291]
[-115.29776231392592, -181.86518610855563, 51.51977685880291]
[-115.24296953012211, -181.77875858711985, 51.63203548575983]
[-115.01858087587837, -182.04187970408665, 51.51977685880291]
[-115.01858087587837, -182.04187970408665, 51.51977685880291]
[-115.18830914142431, -181.69253989940393, 51.301872624475635]
[-115.18830914142431, -181.69253989940393, 51.301872624475635]
[-115.18830914142431, -181.69253989940393, 51.301872624475635]
[-115.18830914142431, -181.69253989940393, 51.301872624475635]
[-115.29776231392592, -181.86518610855563, 51.51977685880291]
[-115.29776231392592, -181.86518610855563, 51.51977685880291]
[-115.01858087587837, -182.04187970408665, 51.51977685880291]
[-115.07293019546952, -182.12789930390844, 51.850253113292496]
[-115.07293019546952, -182.12789930390844, 51.850253113292496]
[-115.18830914142431, -181.69253989940393, 51.301872624475635]
[-115.07293019546952, -182.12789930390844, 51.850253113292496]
[-115.07293019546952, -182.12789930390844, 51.850253113292496]
[-115.40645322676885, -182.03662996571106, 52.180885100558385]
[-115.40645322676885, -182.03662996571106, 52.180885100558385]
[-163.71947284595217, -186.0914649565292, 105.85380034166846]
[-214.10482520337234, -156.05874437745453, 198.01636513216184]
[-214.10482520337234, -156.05874437745453, 198.01636513216184]
[-219.29606056511727, -93.43331950069802, 299.6604327584294]
[-161.3204890683483, -27.61641557406809, 386.3199319825608]
[-161.3204890683483, -27.61641557406809, 386.3199319825608]
[-48.195365912303444, 2.553619936873848, 433.98506830978124]
[83.62473006017876, -23.217100668461804, 421.12792514122975]
[83.62473006017876, -23.217100668461804, 421.12792514122975]
[184.72111133122218, -95.6874116528144, 333.99479878160776]
[205.67018396305963, -165.44102384270366, 233.91326928633478]
[200.42558460305574, -161.22226995701806, 207.4920482114511]
[147.85599748542944, -185.1140431976774, 135.7278614472915]
[147.85599748542944, -185.1140431976774, 135.7278614472915]
[118.89940647416677, -188.1841293238377, 104.53244266810462]
[119.90597522534898, -187.8566921658213, 104.50034574358014]
[119.90597522534898, -187.8566921658213, 104.50034574358014]
[119.2812095234257, -187.5116464832376, 103.95676859605042]
[119.64838608892767, -187.4531272641138, 104.21394552819996]
[119.64838608892767, -187.4531272641138, 104.21394552819996]
[119.53841470426045, -187.91597644547588, 104.24243387754335]
[119.64838608892767, -187.4531272641138, 104.21394552819996]
[119.64838608892767, -187.4531272641138, 104.21394552819996]
[119.90597522534898, -187.8566921658213, 104.50034574358014]
[119.8266037703461, -187.73234090675177, 104.24243387754335]
[119.8266037703461, -187.73234090675177, 104.24243387754335]
[119.5687785066615, -187.32840606445936, 103.95676859605042]
[119.5687785066615, -187.32840606445936, 103.95676859605042]
[119.5687785066615, -187.32840606445936, 103.95676859605042]
[119.5687785066615, -187.32840606445936, 103.95676859605042]
[119.2812095234257, -187.5116464832376, 103.95676859605042]
[119.2812095234257, -187.5116464832376, 103.95676859605042]
[119.5687785066615, -187.32840606445936, 103.95676859605042]
[119.64838608892767, -187.4531272641138, 104.21394552819996]
[119.90597522534898, -187.8566921658213, 104.50034574358014]
[119.64838608892767, -187.4531272641138, 104.21394552819996]
[119.64838608892767, -187.4531272641138, 104.21394552819996]
[119.8266037703461, -187.73234090675177, 104.24243387754335]
[120.33987747579636, -188.5364868244207, 104.82110373053207]
[120.33987747579636, -188.5364868244207, 104.82110373053207]
[119.90597522534898, -187.8566921658213, 104.50034574358014]
[119.2812095234257, -187.5116464832376, 103.95676859605042]
[119.2812095234257, -187.5116464832376, 103.95676859605042]
[119.36062564541459, -187.63648968235455, 104.21394552819996]
[119.90597522534898, -187.8566921658213, 104.50034574358014]
[119.90597522534898, -187.8566921658213, 104.50034574358014]
[119.2812095234257, -187.5116464832376, 103.95676859605042]
[119.5687785066615, -187.32840606445936, 103.95676859605042]
[119.5687785066615, -187.32840606445936, 103.95676859605042]
[119.36062564541459, -187.63648968235455, 104.21394552819996]
[119.8266037703461, -187.73234090675177, 104.24243387754335]
[119.8266037703461, -187.73234090675177, 104.24243387754335]
[119.53841470426045, -187.91597644547588, 104.24243387754335]
[119.5687785066615, -187.32840606445936, 103.95676859605042]
[119.5687785066615, -187.32840606445936, 103.95676859605042]
[119.8266037703461, -187.73234090675177, 104.24243387754335]
[119.53841470426045, -187.91597644547588, 104.24243387754335]
[119.2812095234257, -187.5116464832376, 103.95676859605042]
[119.5687785066615, -187.32840606445936, 103.95676859605042]
[119.5687785066615, -187.32840606445936, 103.95676859605042]
[119.65962597777063, -187.47073679803725, 104.55517690924604]
[119.65962597777063, -187.47073679803725, 104.55517690924604]
[181.35907598087013, -163.1705216733319, 207.48124595654426]
[181.35907598087013, -163.1705216733319, 207.48124595654426]
[188.5151955811403, -102.47246809525095, 309.83196965025087]
[129.35868606032443, -35.48721938511528, 394.0284013690773]
[129.35868606032443, -35.48721938511528, 394.0284013690773]
[40.488179353997964, -2.207559274179609, 433.86066371114725]
[-1.1277789676557828, 0.014709351301386099, 437.9889047335274]
[-1.1277789676557828, 0.014709351301386099, 437.9889047335274]
[0.1495781060448631, -0.001950911456841762, 437.9948933065929]
[4.603171075657643, -0.060038059224368716, 437.9598259187753]
[4.603171075657643, -0.060038059224368716, 437.9598259187753]
[-0.002309428557011217, 3.012132425487396e-05, 437.9944271666488]
[1.4705156446505712, -0.019179583794029863, 437.9910477481026]
[1.4705156446505712, -0.019179583794029863, 437.9910477481026]
[1.4705156446505712, -0.019179583794029863, 437.9910477481026]
[0.48863379814243335, -0.006373133744031392, 437.9940540376345]
[0.48863379814243335, -0.006373133744031392, 437.9940540376345]
[0.9795758744777181, -0.012776373808393103, 437.99292756390173]
[0.9795758744777181, -0.012776373808393103, 437.99292756390173]
[0.9795758744777181, -0.012776373808393103, 437.99292756390173]
[0.9795758744777181, -0.012776373808393103, 437.99292756390173]
[0.9795758744777181, -0.012776373808393103, 437.99292756390173]
[0.97959432488671, -0.011273341839456592, 437.99292756390173]
[0.9795758744777181, -0.012776373808393103, 437.99292756390173]
[0.9795758744777181, -0.012776373808393103, 437.99292756390173]
[0.6405218691172246, -0.008354173520911681, 437.9942871078429]
[0.9795758744777181, -0.012776373808393103, 437.99292756390173]
[0.9795758744777181, -0.012776373808393103, 437.99292756390173]
[0.6405218691172246, -0.008354173520911681, 437.9942871078429]
[0.9795758744777181, -0.012776373808393103, 437.99292756390173]
[0.9795758744777181, -0.012776373808393103, 437.99292756390173]
[0.9795758744777181, -0.012776373808393103, 437.99292756390173]
[0.6405218691172246, -0.008354173520911681, 437.9942871078429]
[0.6405218691172246, -0.008354173520911681, 437.9942871078429]
[0.97959432488671, -0.011273341839456592, 437.99292756390173]
[0.9795758744777181, -0.012776373808393103, 437.99292756390173]
[0.9795758744777181, -0.012776373808393103, 437.99292756390173]
[0.97959432488671, -0.011273341839456592, 437.99292756390173]
[0.97959432488671, -0.011273341839456592, 437.99292756390173]
[0.9795758744777181, -0.012776373808393103, 437.99292756390173]
[0.6405218691172246, -0.008354173520911681, 437.9942871078429]
[0.6405218691172246, -0.008354173520911681, 437.9942871078429]
[0.9795758744777181, -0.012776373808393103, 437.99292756390173]
[0.9795758744777181, -0.012776373808393103, 437.99292756390173]
[0.9795758744777181, -0.012776373808393103, 437.99292756390173]
[0.6405339334103142, -0.007371375892704012, 437.9942871078429]
[0.97959432488671, -0.011273341839456592, 437.99292756390173]
[0.97959432488671, -0.011273341839456592, 437.99292756390173]
[0.6405218691172246, -0.008354173520911681, 437.9942871078429]
[0.48863379814243335, -0.006373133744031392, 437.9940540376345]
[0.48863379814243335, -0.006373133744031392, 437.9940540376345]
[-0.13608564739096268, 0.0017749325461623804, 437.9997817942208]
[0.4217538832628506, -0.005500835012468658, 437.9977823671521]
[0.4217538832628506, -0.005500835012468658, 437.9977823671521]
[0.9795758744777181, -0.012776373808393103, 437.99292756390173]
[0.9795758744777181, -0.012776373808393103, 437.99292756390173]
[0.9795758744777181, -0.012776373808393103, 437.99292756390173]
[0.9795758744777181, -0.012776373808393103, 437.99292756390173]
End Here
[0.9795758744777181, -0.012776373808393103, 437.99292756390173]
[0.9795758744777181, -0.012776373808393103, 437.99292756390173]
[0.9795758744777181, -0.012776373808393103, 437.99292756390173]
[0.9795758744777181, -0.012776373808393103, 437.99292756390173]
[0.9795758744777181, -0.012776373808393103, 437.99292756390173]
[0.9795758744777181, -0.012776373808393103, 437.99292756390173]
[0.9795758744777181, -0.012776373808393103, 437.99292756390173]
[0.9795758744777181, -0.012776373808393103, 437.99292756390173]
[0.9795758744777181, -0.012776373808393103, 437.99292756390173]
[0.9795758744777181, -0.012776373808393103, 437.99292756390173]
[0.9795758744777181, -0.012776373808393103, 437.99292756390173]
[0.9795758744777181, -0.012776373808393103, 437.99292756390173]
[0.9795758744777181, -0.012776373808393103, 437.99292756390173]
[0.97959432488671, -0.011273341839456592, 437.99292756390173]
[0.6405218691172246, -0.008354173520911681, 437.9942871078429]
[0.6405218691172246, -0.008354173520911681, 437.9942871078429]
[0.9795758744777181, -0.012776373808393103, 437.99292756390173]
[0.9795758744777181, -0.012776373808393103, 437.99292756390173]
[0.9795758744777181, -0.012776373808393103, 437.99292756390173]
[0.9795758744777181, -0.012776373808393103, 437.99292756390173]
[0.9795758744777181, -0.012776373808393103, 437.99292756390173]
[0.6405218691172246, -0.008354173520911681, 437.9942871078429]
[0.9795758744777181, -0.012776373808393103, 437.99292756390173]
[0.9795758744777181, -0.012776373808393103, 437.99292756390173]
[0.6405218691172246, -0.008354173520911681, 437.9942871078429]
[0.9795758744777181, -0.012776373808393103, 437.99292756390173]
[0.9795758744777181, -0.012776373808393103, 437.99292756390173]
[0.9795758744777181, -0.012776373808393103, 437.99292756390173]
[0.9795758744777181, -0.012776373808393103, 437.99292756390173]
[0.9795758744777181, -0.012776373808393103, 437.99292756390173]
[0.9795758744777181, -0.012776373808393103, 437.99292756390173]
[0.6405218691172246, -0.008354173520911681, 437.9942871078429]
[0.6405218691172246, -0.008354173520911681, 437.9942871078429]
[0.9795758744777181, -0.012776373808393103, 437.99292756390173]
[0.9795758744777181, -0.012776373808393103, 437.99292756390173]
[0.9795758744777181, -0.012776373808393103, 437.99292756390173]
[0.6405218691172246, -0.008354173520911681, 437.9942871078429]
[0.6405218691172246, -0.008354173520911681, 437.9942871078429]
[0.6405218691172246, -0.008354173520911681, 437.9942871078429]
[0.9795758744777181, -0.012776373808393103, 437.99292756390173]
[0.6405339334103142, -0.007371375892704012, 437.9942871078429]
[0.6405339334103142, -0.007371375892704012, 437.9942871078429]
[0.6405218691172246, -0.008354173520911681, 437.9942871078429]
[0.6405218691172246, -0.008354173520911681, 437.9942871078429]
[0.9795758744777181, -0.012776373808393103, 437.99292756390173]
[0.6405218691172246, -0.008354173520911681, 437.9942871078429]
[0.6405218691172246, -0.008354173520911681, 437.9942871078429]
[0.9795758744777181, -0.012776373808393103, 437.99292756390173]
[0.9795758744777181, -0.012776373808393103, 437.99292756390173]
[0.9795758744777181, -0.012776373808393103, 437.99292756390173]
[0.97959432488671, -0.011273341839456592, 437.99292756390173]
[0.6405339334103142, -0.007371375892704012, 437.9942871078429]
[0.6405339334103142, -0.007371375892704012, 437.9942871078429]
[0.9795758744777181, -0.012776373808393103, 437.99292756390173]
[0.9795758744777181, -0.012776373808393103, 437.99292756390173]
[0.9795758744777181, -0.012776373808393103, 437.99292756390173]
[0.6405218691172246, -0.008354173520911681, 437.9942871078429]
[0.9795758744777181, -0.012776373808393103, 437.99292756390173]
[0.9795758744777181, -0.012776373808393103, 437.99292756390173]
[0.6405218691172246, -0.008354173520911681, 437.9942871078429]
[0.1495781060448631, -0.001950911456841762, 437.9948933065929]
[0.1495781060448631, -0.001950911456841762, 437.9948933065929]
[-0.0023094720553278325, 2.657780604295966e-05, 437.9944271666488]
[-0.3413828871219955, 0.002880983255803035, 437.9947461586486]
[-0.3413828871219955, 0.002880983255803035, 437.9947461586486]
[3.4343983444565636, -0.028983421540187484, 437.97599517935544]
[3.4343983444565636, -0.028983421540187484, 437.97599517935544]
[5.059059304948141, -0.04269418795546073, 437.9549315385981]
[4.907174988523406, -0.04141241259722667, 437.9567960548583]
[4.907174988523406, -0.04141241259722667, 437.9567960548583]
[4.4162594522087595, -0.03726950006857076, 437.96394904189003]
[2.4525048950492856, -0.020697070075549145, 437.98502810978067]
[2.4525048950492856, -0.020697070075549145, 437.98502810978067]
[-1.8142999643393245, 0.01252721413195785, 437.989784646982]
[-1.9661910750386333, 0.013575978121302403, 437.9883862445563]
[-1.9661910750386333, 0.013575978121302403, 437.9883862445563]
[0.48865795736450734, -0.004123860468913023, 437.9940540376345]
[3.925333518933009, -0.03312649979834377, 437.97034875507796]
[3.925333518933009, -0.03312649979834377, 437.97034875507796]
[2.943455084561589, -0.02484027504792727, 437.9808883014297]
[0.48865795736450734, -0.004123860468913023, 437.9940540376345]
[0.48865795736450734, -0.004123860468913023, 437.9940540376345]
[0.48865795736450734, -0.004123860468913023, 437.9940540376345]
[0.9796243070486532, -0.008267201819493591, 437.99292756390173]
[0.9796243070486532, -0.008267201819493591, 437.99292756390173]
[0.9796243070486532, -0.008267201819493591, 437.99292756390173]
[0.9796243070486532, -0.008267201819493591, 437.99292756390173]
[0.9796243070486532, -0.008267201819493591, 437.99292756390173]
[0.9796243070486532, -0.008267201819493591, 437.99292756390173]
[0.48865795736450734, -0.004123860468913023, 437.9940540376345]
[0.14958550154369066, -0.0012623753020597319, 437.9948933065929]
[-0.8323504720883886, 0.007024335031122521, 437.9938456643565]
[-0.8323504720883886, 0.007024335031122521, 437.9938456643565]
[0.14958550154369066, -0.0012623753020597319, 437.9948933065929]
[-0.8323504720883886, 0.007024335031122521, 437.9938456643565]
[-0.8323504720883886, 0.007024335031122521, 437.9938456643565]
[-0.8323504720883886, 0.007024335031122521, 437.9938456643565]
[0.6405535380483096, -0.005405730887980497, 437.9942871078429]
[0.6405535380483096, -0.005405730887980497, 437.9942871078429]
[0.14958550154369066, -0.0012623753020597319, 437.9948933065929]
[0.6405535380483096, -0.005405730887980497, 437.9942871078429]
[0.6405535380483096, -0.005405730887980497, 437.9942871078429]
[0.6405535380483096, -0.005405730887980497, 437.9942871078429]
[0.6405535380483096, -0.005405730887980497, 437.9942871078429]
[0.6405535380483096, -0.005405730887980497, 437.9942871078429]
[0.6405535380483096, -0.005405730887980497, 437.9942871078429]
[0.6405535380483096, -0.005405730887980497, 437.9942871078429]
[0.6405535380483096, -0.005405730887980497, 437.9942871078429]
[0.6405535380483096, -0.005405730887980497, 437.9942871078429]
[0.6405535380483096, -0.005405730887980497, 437.9942871078429]
[0.6405535380483096, -0.005405730887980497, 437.9942871078429]
[0.6405535380483096, -0.005405730887980497, 437.9942871078429]
[0.6405535380483096, -0.005405730887980497, 437.9942871078429]
[0.6405535380483096, -0.005405730887980497, 437.9942871078429]
[0.6405535380483096, -0.005405730887980497, 437.9942871078429]
[0.6405535380483096, -0.005405730887980497, 437.9942871078429]
[0.6405535380483096, -0.005405730887980497, 437.9942871078429]
[0.6405535380483096, -0.005405730887980497, 437.9942871078429]
[0.6405535380483096, -0.005405730887980497, 437.9942871078429]
[0.6405535380483096, -0.005405730887980497, 437.9942871078429]
[0.6405535380483096, -0.005405730887980497, 437.9942871078429]
[0.6405535380483096, -0.005405730887980497, 437.9942871078429]
[0.6405535380483096, -0.005405730887980497, 437.9942871078429]
[0.6405535380483096, -0.005405730887980497, 437.9942871078429]
[0.6405535380483096, -0.005405730887980497, 437.9942871078429]
[0.14958550154369066, -0.0012623753020597319, 437.9948933065929]
[0.6405535380483096, -0.005405730887980497, 437.9942871078429]
[0.6405535380483096, -0.005405730887980497, 437.9942871078429]
[0.6405535380483096, -0.005405730887980497, 437.9942871078429]
[0.6405535380483096, -0.005405730887980497, 437.9942871078429]
[0.6405535380483096, -0.005405730887980497, 437.9942871078429]
[0.6405535380483096, -0.005405730887980497, 437.9942871078429]
[0.6405535380483096, -0.005405730887980497, 437.9942871078429]
[0.6405535380483096, -0.005405730887980497, 437.9942871078429]
[0.9796243070486532, -0.008267201819493591, 437.99292756390173]
[0.6405535380483096, -0.005405730887980497, 437.9942871078429]
[0.6405535380483096, -0.005405730887980497, 437.9942871078429]
[0.6405535380483096, -0.005405730887980497, 437.9942871078429]
[0.6405535380483096, -0.005405730887980497, 437.9942871078429]
[0.6405535380483096, -0.005405730887980497, 437.9942871078429]
[0.6405535380483096, -0.005405730887980497, 437.9942871078429]
[0.6405535380483096, -0.005405730887980497, 437.9942871078429]
[0.14958550154369066, -0.0012623753020597319, 437.9948933065929]
[0.6405535380483096, -0.005405730887980497, 437.9942871078429]
[0.6405535380483096, -0.005405730887980497, 437.9942871078429]
[0.14958550154369066, -0.0012623753020597319, 437.9948933065929]
[0.08269717471405369, -0.0006978943134895829, 437.99828593574085]
[0.08269717471405369, -0.0006978943134895829, 437.99828593574085]
[0.6405535380483096, -0.005405730887980497, 437.9942871078429]
[0.6405535380483096, -0.005405730887980497, 437.9942871078429]
[0.6405535380483096, -0.005405730887980497, 437.9942871078429]
[0.6405535380483096, -0.005405730887980497, 437.9942871078429]
[0.6405535380483096, -0.005405730887980497, 437.9942871078429]
[0.6405535380483096, -0.005405730887980497, 437.9942871078429]
[0.6405535380483096, -0.005405730887980497, 437.9942871078429]
[0.6405535380483096, -0.005405730887980497, 437.9942871078429]
[0.6405535380483096, -0.005405730887980497, 437.9942871078429]
[0.6405535380483096, -0.005405730887980497, 437.9942871078429]
[0.6405535380483096, -0.005405730887980497, 437.9942871078429]
[0.6405535380483096, -0.005405730887980497, 437.9942871078429]
[0.6405535380483096, -0.005405730887980497, 437.9942871078429]
[0.6405535380483096, -0.005405730887980497, 437.9942871078429]
[0.6405535380483096, -0.005405730887980497, 437.9942871078429]
[0.6405535380483096, -0.005405730887980497, 437.9942871078429]
[0.6405535380483096, -0.005405730887980497, 437.9942871078429]
[0.6405535380483096, -0.005405730887980497, 437.9942871078429]
[0.6405535380483096, -0.005405730887980497, 437.9942871078429]
[0.6405535380483096, -0.005405730887980497, 437.9942871078429]
[0.6405535380483096, -0.005405730887980497, 437.9942871078429]
[0.6405535380483096, -0.005405730887980497, 437.9942871078429]
[0.6405535380483096, -0.005405730887980497, 437.9942871078429]
[0.6405535380483096, -0.005405730887980497, 437.9942871078429]
[0.6405535380483096, -0.005405730887980497, 437.9942871078429]
[0.6405535380483096, -0.005405730887980497, 437.9942871078429]
[0.6405535380483096, -0.005405730887980497, 437.9942871078429]
[0.9796243070486532, -0.008267201819493591, 437.99292756390173]
[0.9796243070486532, -0.008267201819493591, 437.99292756390173]
[0.6405535380483096, -0.005405730887980497, 437.9942871078429]
[0.6405535380483096, -0.005405730887980497, 437.9942871078429]
[0.6405535380483096, -0.005405730887980497, 437.9942871078429]
[0.9796243070486532, -0.008267201819493591, 437.99292756390173]
[0.14958550154369066, -0.0012623753020597319, 437.9948933065929]
[0.14958550154369066, -0.0012623753020597319, 437.9948933065929]
[0.6405535380483096, -0.005405730887980497, 437.9942871078429]
[0.6405535380483096, -0.005405730887980497, 437.9942871078429]
[0.6405535380483096, -0.005405730887980497, 437.9942871078429]
[0.6405535380483096, -0.005405730887980497, 437.9942871078429]
[0.6405535380483096, -0.005405730887980497, 437.9942871078429]
[0.6405535380483096, -0.005405730887980497, 437.9942871078429]
[0.6405535380483096, -0.005405730887980497, 437.9942871078429]
[0.6405535380483096, -0.005405730887980497, 437.9942871078429]
[0.6405535380483096, -0.005405730887980497, 437.9942871078429]
[0.6405535380483096, -0.005405730887980497, 437.9942871078429]
[0.6405535380483096, -0.005405730887980497, 437.9942871078429]
[0.6405535380483096, -0.005405730887980497, 437.9942871078429]
[0.6405535380483096, -0.005405730887980497, 437.9942871078429]
[0.6405535380483096, -0.005405730887980497, 437.9942871078429]
[0.6405535380483096, -0.005405730887980497, 437.9942871078429]
[0.6405535380483096, -0.005405730887980497, 437.9942871078429]
[0.6405535380483096, -0.005405730887980497, 437.9942871078429]
[0.6405535380483096, -0.005405730887980497, 437.9942871078429]
[0.6405535380483096, -0.005405730887980497, 437.9942871078429]
[0.6405535380483096, -0.005405730887980497, 437.9942871078429]
[0.6405535380483096, -0.005405730887980497, 437.9942871078429]
[0.14958550154369066, -0.0012623753020597319, 437.9948933065929]
[0.48865795736450734, -0.004123860468913023, 437.9940540376345]
[0.6405535380483096, -0.005405730887980497, 437.9942871078429]
[0.6405535380483096, -0.005405730887980497, 437.9942871078429]
[0.6405535380483096, -0.005405730887980497, 437.9942871078429]
[0.6405535380483096, -0.005405730887980497, 437.9942871078429]
[0.6405535380483096, -0.005405730887980497, 437.9942871078429]
[0.08269717471405369, -0.0006978943134895829, 437.99828593574085]
[0.6405535380483096, -0.005405730887980497, 437.9942871078429]
[0.6405535380483096, -0.005405730887980497, 437.9942871078429]
[0.6405535380483096, -0.005405730887980497, 437.9942871078429]
[0.6405535380483096, -0.005405730887980497, 437.9942871078429]
[0.6405535380483096, -0.005405730887980497, 437.9942871078429]
[0.6405535380483096, -0.005405730887980497, 437.9942871078429]
[0.9796243070486532, -0.008267201819493591, 437.99292756390173]
[0.9796243070486532, -0.008267201819493591, 437.99292756390173]
[0.6405535380483096, -0.005405730887980497, 437.9942871078429]
[0.14958550154369066, -0.0012623753020597319, 437.9948933065929]
[0.14958550154369066, -0.0012623753020597319, 437.9948933065929]
[0.6405535380483096, -0.005405730887980497, 437.9942871078429]
[0.6405535380483096, -0.005405730887980497, 437.9942871078429]
[0.6405535380483096, -0.005405730887980497, 437.9942871078429]
[0.640561078347061, -0.004422888139076526, 437.9942871078429]
[0.6405535380483096, -0.005405730887980497, 437.9942871078429]
[0.6405535380483096, -0.005405730887980497, 437.9942871078429]
[0.6405535380483096, -0.005405730887980497, 437.9942871078429]
[0.6405535380483096, -0.005405730887980497, 437.9942871078429]
[0.6405535380483096, -0.005405730887980497, 437.9942871078429]
[0.6405535380483096, -0.005405730887980497, 437.9942871078429]
[0.6405535380483096, -0.005405730887980497, 437.9942871078429]
[0.6405535380483096, -0.005405730887980497, 437.9942871078429]
[0.9796243070486532, -0.008267201819493591, 437.99292756390173]
[0.9796243070486532, -0.008267201819493591, 437.99292756390173]
[0.14958550154369066, -0.0012623753020597319, 437.9948933065929]
[0.6405535380483096, -0.005405730887980497, 437.9942871078429]
[0.6405535380483096, -0.005405730887980497, 437.9942871078429]
[0.6405535380483096, -0.005405730887980497, 437.9942871078429]
[0.6405535380483096, -0.005405730887980497, 437.9942871078429]
[0.6405535380483096, -0.005405730887980497, 437.9942871078429]
[0.6405535380483096, -0.005405730887980497, 437.9942871078429]
[0.6405535380483096, -0.005405730887980497, 437.9942871078429]
[0.6405535380483096, -0.005405730887980497, 437.9942871078429]
[0.6405535380483096, -0.005405730887980497, 437.9942871078429]
[0.6405535380483096, -0.005405730887980497, 437.9942871078429]
[0.6405535380483096, -0.005405730887980497, 437.9942871078429]
[0.6405535380483096, -0.005405730887980497, 437.9942871078429]
[0.6405535380483096, -0.005405730887980497, 437.9942871078429]
[0.6405535380483096, -0.005405730887980497, 437.9942871078429]
[0.6405535380483096, -0.005405730887980497, 437.9942871078429]
[0.6405535380483096, -0.005405730887980497, 437.9942871078429]
[0.6405535380483096, -0.005405730887980497, 437.9942871078429]
[0.6405535380483096, -0.005405730887980497, 437.9942871078429]
[0.6405535380483096, -0.005405730887980497, 437.9942871078429]
[0.6405535380483096, -0.005405730887980497, 437.9942871078429]
[0.6405535380483096, -0.005405730887980497, 437.9942871078429]
[0.6405535380483096, -0.005405730887980497, 437.9942871078429]
[0.640561078347061, -0.004422888139076526, 437.9942871078429]
[0.6405535380483096, -0.005405730887980497, 437.9942871078429]
[0.6405535380483096, -0.005405730887980497, 437.9942871078429]
[0.6405535380483096, -0.005405730887980497, 437.9942871078429]
[0.6405535380483096, -0.005405730887980497, 437.9942871078429]
[0.6405535380483096, -0.005405730887980497, 437.9942871078429]
[0.6405535380483096, -0.005405730887980497, 437.9942871078429]
[0.6405535380483096, -0.005405730887980497, 437.9942871078429]
[0.6405535380483096, -0.005405730887980497, 437.9942871078429]
[0.6405535380483096, -0.005405730887980497, 437.9942871078429]
[0.6405535380483096, -0.005405730887980497, 437.9942871078429]
[0.6405535380483096, -0.005405730887980497, 437.9942871078429]
[0.6405535380483096, -0.005405730887980497, 437.9942871078429]
[0.6405535380483096, -0.005405730887980497, 437.9942871078429]
[0.6405535380483096, -0.005405730887980497, 437.9942871078429]
[0.6405535380483096, -0.005405730887980497, 437.9942871078429]
[0.6405535380483096, -0.005405730887980497, 437.9942871078429]
[0.6405535380483096, -0.005405730887980497, 437.9942871078429]
[0.6405535380483096, -0.005405730887980497, 437.9942871078429]
[0.6405535380483096, -0.005405730887980497, 437.9942871078429]
[0.6405535380483096, -0.005405730887980497, 437.9942871078429]
[0.6405535380483096, -0.005405730887980497, 437.9942871078429]
[0.6405535380483096, -0.005405730887980497, 437.9942871078429]
[0.6405535380483096, -0.005405730887980497, 437.9942871078429]
[0.6405535380483096, -0.005405730887980497, 437.9942871078429]
[0.6405535380483096, -0.005405730887980497, 437.9942871078429]
[0.6405535380483096, -0.005405730887980497, 437.9942871078429]
[0.6405535380483096, -0.005405730887980497, 437.9942871078429]
[0.6405535380483096, -0.005405730887980497, 437.9942871078429]
[0.6405535380483096, -0.005405730887980497, 437.9942871078429]
[0.6405535380483096, -0.005405730887980497, 437.9942871078429]
[0.6405535380483096, -0.005405730887980497, 437.9942871078429]
[0.6405535380483096, -0.005405730887980497, 437.9942871078429]
[0.6405535380483096, -0.005405730887980497, 437.9942871078429]
[0.6405535380483096, -0.005405730887980497, 437.9942871078429]
[0.6405535380483096, -0.005405730887980497, 437.9942871078429]
[0.6405535380483096, -0.005405730887980497, 437.9942871078429]
[0.6405535380483096, -0.005405730887980497, 437.9942871078429]
[0.9796243070486532, -0.008267201819493591, 437.99292756390173]
[0.9796243070486532, -0.008267201819493591, 437.99292756390173]
[0.6405535380483096, -0.005405730887980497, 437.9942871078429]
[0.6405535380483096, -0.005405730887980497, 437.9942871078429]
[0.6405535380483096, -0.005405730887980497, 437.9942871078429]
[0.6405535380483096, -0.005405730887980497, 437.9942871078429]
[0.6405535380483096, -0.005405730887980497, 437.9942871078429]
[0.6405535380483096, -0.005405730887980497, 437.9942871078429]
[0.9796243070486532, -0.008267201819493591, 437.99292756390173]
[0.6405535380483096, -0.005405730887980497, 437.9942871078429]
[0.6405535380483096, -0.005405730887980497, 437.9942871078429]
[0.6405535380483096, -0.005405730887980497, 437.9942871078429]
[0.9796243070486532, -0.008267201819493591, 437.99292756390173]
[0.9796243070486532, -0.008267201819493591, 437.99292756390173]
[0.6405535380483096, -0.005405730887980497, 437.9942871078429]
[0.9796243070486532, -0.008267201819493591, 437.99292756390173]
[0.9796243070486532, -0.008267201819493591, 437.99292756390173]
[0.14958550154369066, -0.0012623753020597319, 437.9948933065929]
[0.6405535380483096, -0.005405730887980497, 437.9942871078429]
[0.6405535380483096, -0.005405730887980497, 437.9942871078429]
[0.6405535380483096, -0.005405730887980497, 437.9942871078429]
[0.6405535380483096, -0.005405730887980497, 437.9942871078429]
[0.08269717471405369, -0.0006978943134895829, 437.99828593574085]
[0.6405535380483096, -0.005405730887980497, 437.9942871078429]
[0.6405535380483096, -0.005405730887980497, 437.9942871078429]
[0.14958550154369066, -0.0012623753020597319, 437.9948933065929]
[0.14958550154369066, -0.0012623753020597319, 437.9948933065929]
[0.14958550154369066, -0.0012623753020597319, 437.9948933065929]
[0.14958550154369066, -0.0012623753020597319, 437.9948933065929]
[0.6405535380483096, -0.005405730887980497, 437.9942871078429]
[0.6405535380483096, -0.005405730887980497, 437.9942871078429]
[0.6405535380483096, -0.005405730887980497, 437.9942871078429]
[0.6405535380483096, -0.005405730887980497, 437.9942871078429]
[0.6405535380483096, -0.005405730887980497, 437.9942871078429]
[0.6405535380483096, -0.005405730887980497, 437.9942871078429]
[0.6405535380483096, -0.005405730887980497, 437.9942871078429]
[0.6405535380483096, -0.005405730887980497, 437.9942871078429]
[0.6405535380483096, -0.005405730887980497, 437.9942871078429]
[0.9796243070486532, -0.008267201819493591, 437.99292756390173]
[0.9796243070486532, -0.008267201819493591, 437.99292756390173]
[0.6405535380483096, -0.005405730887980497, 437.9942871078429]
[0.6405535380483096, -0.005405730887980497, 437.9942871078429]
[0.6405535380483096, -0.005405730887980497, 437.9942871078429]
[0.6405535380483096, -0.005405730887980497, 437.9942871078429]
[0.6405535380483096, -0.005405730887980497, 437.9942871078429]
[0.6405535380483096, -0.005405730887980497, 437.9942871078429]
[0.6405535380483096, -0.005405730887980497, 437.9942871078429]
[0.6405535380483096, -0.005405730887980497, 437.9942871078429]
[0.6405535380483096, -0.005405730887980497, 437.9942871078429]
[0.6405535380483096, -0.005405730887980497, 437.9942871078429]
[0.6405535380483096, -0.005405730887980497, 437.9942871078429]
[0.9796243070486532, -0.008267201819493591, 437.99292756390173]
[0.6405535380483096, -0.005405730887980497, 437.9942871078429]
[0.6405535380483096, -0.005405730887980497, 437.9942871078429]
[0.9796243070486532, -0.008267201819493591, 437.99292756390173]
[0.6405535380483096, -0.005405730887980497, 437.9942871078429]
[0.6405535380483096, -0.005405730887980497, 437.9942871078429]
[0.6405535380483096, -0.005405730887980497, 437.9942871078429]
[0.9796243070486532, -0.008267201819493591, 437.99292756390173]
[0.9796243070486532, -0.008267201819493591, 437.99292756390173]
[0.6405535380483096, -0.005405730887980497, 437.9942871078429]
[0.6405535380483096, -0.005405730887980497, 437.9942871078429]
[0.6405535380483096, -0.005405730887980497, 437.9942871078429]
[0.6405535380483096, -0.005405730887980497, 437.9942871078429]
[0.6405535380483096, -0.005405730887980497, 437.9942871078429]
[0.6405535380483096, -0.005405730887980497, 437.9942871078429]
[0.6405535380483096, -0.005405730887980497, 437.9942871078429]
[0.6405535380483096, -0.005405730887980497, 437.9942871078429]
[0.6405535380483096, -0.005405730887980497, 437.9942871078429]
[0.640561078347061, -0.004422888139076526, 437.9942871078429]
[0.640561078347061, -0.004422888139076526, 437.9942871078429]
[0.6405535380483096, -0.005405730887980497, 437.9942871078429]
[0.6405535380483096, -0.005405730887980497, 437.9942871078429]
[0.6405535380483096, -0.005405730887980497, 437.9942871078429]
[0.6405535380483096, -0.005405730887980497, 437.9942871078429]
[0.6405535380483096, -0.005405730887980497, 437.9942871078429]
[0.6405535380483096, -0.005405730887980497, 437.9942871078429]
[0.6405535380483096, -0.005405730887980497, 437.9942871078429]
[0.6405535380483096, -0.005405730887980497, 437.9942871078429]
[0.6405535380483096, -0.005405730887980497, 437.9942871078429]
[0.6405535380483096, -0.005405730887980497, 437.9942871078429]
[0.6405535380483096, -0.005405730887980497, 437.9942871078429]
[0.6405535380483096, -0.005405730887980497, 437.9942871078429]
[0.6405535380483096, -0.005405730887980497, 437.9942871078429]
[0.6405535380483096, -0.005405730887980497, 437.9942871078429]
[0.6405535380483096, -0.005405730887980497, 437.9942871078429]
[0.6405535380483096, -0.005405730887980497, 437.9942871078429]
