Fast Trajectory with Path Smoothing
[-0.14991542467859573, -0.0008050900522247187, 476.0297557533211]
[-1.074778442504358, -0.005771877272008419, 476.02812380508453]
[-11.567946309617376, -0.09762368569023705, 475.83251361472736]
[-19.71940643039575, -0.28745783520070967, 475.44612727058177]
[-35.742725900881375, -1.7838452707170884, 474.02342614008876]
[-74.92762645030876, -8.020534839438817, 466.7347842815249]
[-143.8160082367371, -33.115393292600515, 438.0029152851836]
[-187.29723759919966, -62.36934105185463, 403.034839573623]
[-224.73078013939065, -106.953094962166, 344.6194249822939]
[-125.92849135107862, -198.6335905945626, 40.88689738907951]
[-125.92849135107862, -198.6335905945626, 40.88689738907951]
[-128.30785677813935, -197.65975807987488, 41.37071133554889]
[-130.0715208596429, -199.0366244571781, 42.72393541913135]
[-131.8718787546908, -199.11219176290626, 43.41271122515488]
[-136.63613976636958, -201.5691463053463, 49.931090031379384]
[-144.1091386677686, -203.0615593183427, 57.4336125509075]
[-164.57772036999887, -206.04945145003683, 83.04181233378547]
[-190.11845109621362, -203.79869811799625, 118.7460349167424]
[-206.59070437999424, -198.28076394541304, 149.96588113246972]
[-224.5186377702428, -185.18739240639962, 188.67690106190625]
[-236.16125970845857, -163.41191506492743, 237.93288786715232]
[-237.5122429801425, -130.5260074358091, 295.4087393278294]
[-218.97258935908872, -89.35126008260359, 356.3811983392551]
[-173.23148938527046, -46.09689301407063, 414.78419338438556]
[-98.80667211284558, -12.420580583103314, 458.00165389445027]
[-2.0661564618056882, 0.04280407006499204, 475.77555447347913]
[103.35254464168122, -18.34649961233982, 458.21558190544516]
[187.13064144510037, -65.1979802426738, 404.6829241567896]
[232.80283319793506, -128.40340270105057, 321.5075799427851]
[231.7258439558465, -186.98652315821698, 219.5010994372987]
[192.60235946510235, -215.56374188851086, 159.98611693038237]
[172.43794042209888, -207.27343415268794, 129.47757138447588]
[158.21399127662798, -208.372839123287, 117.85778864206542]
[152.20348597777186, -208.31157062130092, 112.49218210912679]
[144.66139654068292, -208.5498923954242, 106.8183094302285]
[141.04343132993768, -207.38506494297116, 103.12142913412077]
[138.17505632843285, -207.245027912114, 101.28916107089145]
[136.9450813605838, -207.4629306340563, 100.41448746238305]
[136.35047505833845, -207.2531004906287, 99.54211715387898]
[136.35047505833845, -207.2531004906287, 99.54211715387898]
[136.03231477076358, -207.4620665319833, 99.54211715387898]
[136.35047505833845, -207.2531004906287, 99.54211715387898]
[136.73702714573338, -207.84066073623435, 100.15517408058157]
[137.87635790118802, -209.57244664641374, 103.89115732318211]
[139.7617996201091, -213.14988148425252, 115.74408908802076]
[142.48961708054426, -217.31005951560903, 132.75128361273835]
[145.75481590527158, -222.2897946392616, 152.23835976225556]
[148.0606913520868, -225.8064714389455, 183.97387517309292]
[148.30465250993296, -226.17853513605746, 223.14251869636212]
[143.81647258134694, -219.3336388735707, 269.9497535603163]
[125.45565312433338, -191.97338207808548, 342.96455897344805]
[100.73719409491059, -154.14897112918987, 396.8063287300968]
[65.28878343835166, -99.57153163426631, 441.8792870138125]
[18.100666080504734, -27.605217164722976, 469.62665583149004]
[-36.17273818088237, 55.35185314229725, 469.19139490521616]
[-89.10742001460194, 136.35298499863055, 435.1786297749579]
[-134.73206408669827, 206.1682305495731, 366.4309493918517]
[-165.08088512350105, 252.6082726793887, 252.25151685406794]
[-165.77616227591201, 253.67219210514526, 183.6745434915738]
[-157.24628625219515, 240.61969819036852, 121.29601547171133]
[-147.1510481395848, 225.17187296211264, 94.09203275998192]
[-142.07908875963957, 216.6839652381698, 76.1169452477721]
[-139.085528405551, 212.82994126752814, 65.9162300274693]
[-135.19366719323733, 206.87457982386385, 56.59076166121386]
[-133.20961632817037, 203.8385671349468, 52.384052597737835]
[-131.46546392334403, 201.16964925300564, 49.33923817845316]
[-130.91215983100517, 200.32297829574978, 47.48211024504576]
[-130.91215983100517, 200.32297829574978, 47.48211024504576]
[-130.91215983100517, 200.32297829574978, 47.48211024504576]
[-130.91215983100517, 200.32297829574978, 47.48211024504576]
[-130.91215983100517, 200.32297829574978, 47.48211024504576]
[-131.86555584717445, 201.10736751443653, 47.89918980065373]
[-133.285557127118, 203.2730029409276, 50.40095952635653]
[-140.2662092133555, 204.2144373713543, 54.85130940324912]
[-156.63159650212395, 207.6085045944615, 74.52476594154099]
[-171.9844119147494, 208.02338366260844, 94.16140186241314]
[-191.27922386753846, 205.67477326108855, 122.33657433874636]
[-211.45784531166117, 196.80885124139633, 162.813568434718]
[-233.39903730582256, 171.2213090303573, 227.33003226968137]
[-237.1251087545357, 139.46304054783863, 286.0555445880846]
[-223.0815897606924, 98.70774564196876, 346.67487215100243]
[-180.21359289760483, 54.53040082061475, 408.0460840500599]
[-109.15953539809584, 17.482377478049393, 453.94608914406825]
[-12.307527439707151, 0.16052413633691726, 475.48726796696724]
[128.4078733028307, 25.650741637928057, 447.4251591896503]
[202.35713418181552, 76.83273731151526, 387.4275395965797]
[238.16467519370326, 140.5667315847193, 299.4843131509434]
[225.42839486695124, 194.8261380969623, 200.39080207140742]
[188.665867989878, 215.1113833703613, 154.73269336374187]
[171.54938042695414, 206.20536900695473, 129.019917994614]
[160.72513940860992, 207.68223163082826, 119.04358942111733]
[151.88368316908935, 208.54485940797179, 112.49218210912679]
[145.30069390914667, 208.1049870059922, 106.8183094302285]
[140.63367841442067, 207.46641809587015, 102.8269778094196]
[138.17505653567778, 207.245027773939, 101.28916107089145]
[137.28148715036605, 207.28011197768973, 100.79593160968113]
[136.0323149782256, 207.4620663959511, 99.54211715387898]
[136.1243859467286, 207.60248327692358, 99.83265019249859]
[135.5345314259235, 206.7028996906352, 99.1958444338365]
[136.64475904771342, 207.70041251882975, 100.79593160968113]
[142.19573153842504, 208.39104232204784, 107.25863810884475]
[154.6821289840664, 207.66326861099103, 129.4894739313825]
[173.99162725880265, 203.36234923822084, 164.7130319427799]
[195.2794591803506, 187.42450424055286, 214.7070417047995]
[206.4225424781376, 154.86883332274348, 283.5512008915566]
