[-0.13608821057766185, 0.0015661267927018902, 437.9997817942208]
[-0.13608821057766185, 0.0015661267927018902, 437.9997817942208]
[-28.66431075099599, -1.5628799536540017, 436.534562309463]
[-80.69025870861704, -10.520753641603818, 426.5665414977749]
[-88.9651363190909, -11.599668868144317, 423.40490937756846]
[-224.42617722085384, -126.03833242283692, 263.15584082709034]
[-224.42617722085384, -126.03833242283692, 263.15584082709034]
[-224.320533765971, -149.68401942461946, 219.4409506743272]
[-214.91280160593178, -169.1063498800224, 173.51916116446563]
[-214.91280160593178, -169.1063498800224, 173.51916116446563]
[-198.39582527722288, -182.3921819373288, 130.10900404129578]
[-175.78177384273062, -188.4304046001878, 95.06535307361918]
[-175.78177384273062, -188.4304046001878, 95.06535307361918]
[-152.42926510698874, -190.8397223489108, 77.06764099169293]
[-132.5046903877648, -194.83001443675414, 64.47328694092806]
[-128.62075658374735, -189.119221279971, 60.82920365014817]
[-119.11211642697734, -184.11155612767692, 55.302434383824746]
[-119.11211642697734, -184.11155612767692, 55.302434383824746]
[-116.66358715346473, -180.32686529778186, 53.26289153744695]
[-116.66358715346473, -180.32686529778186, 53.26289153744695]
[-116.66358715346473, -180.32686529778186, 53.26289153744695]
[-116.66358715346473, -180.32686529778186, 53.26289153744695]
[-116.77364260325187, -180.49697796749555, 53.481355255549545]
[-116.77364260325187, -180.49697796749555, 53.481355255549545]
[-116.66358715346473, -180.32686529778186, 53.26289153744695]
[-116.66358715346473, -180.32686529778186, 53.26289153744695]
[-116.66358715346473, -180.32686529778186, 53.26289153744695]
[-116.66358715346473, -180.32686529778186, 53.26289153744695]
[-116.66358715346473, -180.32686529778186, 53.26289153744695]
[-116.66358715346473, -180.32686529778186, 53.26289153744695]
[-117.2384679219833, -181.2154582978459, 53.61626659965832]
[-116.66358715346473, -180.32686529778186, 53.26289153744695]
[-116.66358715346473, -180.32686529778186, 53.26289153744695]
[-116.66358715346473, -180.32686529778186, 53.26289153744695]
[-116.66358715346473, -180.32686529778186, 53.26289153744695]
[-116.66358715346473, -180.32686529778186, 53.26289153744695]
[-116.66358715346473, -180.32686529778186, 53.26289153744695]
[-116.66358715346473, -180.32686529778186, 53.26289153744695]
[-116.71740477652244, -180.41005117866004, 53.59250832645752]
[-116.77364260325187, -180.49697796749555, 53.481355255549545]
[-116.77364260325187, -180.49697796749555, 53.481355255549545]
[-116.66358715346473, -180.32686529778186, 53.26289153744695]
[-116.66358715346473, -180.32686529778186, 53.26289153744695]
and
[-116.66358715346473, -180.32686529778186, 53.26289153744695]
[-116.77364260325187, -180.49697796749555, 53.481355255549545]
[-116.66358715346473, -180.32686529778186, 53.26289153744695]
[-116.66358715346473, -180.32686529778186, 53.26289153744695]
[-116.66358715346473, -180.32686529778186, 53.26289153744695]
[-116.66358715346473, -180.32686529778186, 53.26289153744695]
[-116.66358715346473, -180.32686529778186, 53.26289153744695]
[-116.66358715346473, -180.32686529778186, 53.26289153744695]
[-116.66358715346473, -180.32686529778186, 53.26289153744695]
[-116.66358715346473, -180.32686529778186, 53.26289153744695]
[-116.77364260325187, -180.49697796749555, 53.481355255549545]
[-116.77364260325187, -180.49697796749555, 53.481355255549545]
[-116.66358715346473, -180.32686529778186, 53.26289153744695]
[-129.1715555121516, -185.61032838161972, 67.9309616727783]
[-129.1715555121516, -185.61032838161972, 67.9309616727783]
[-157.9154287706386, -188.0497390641053, 109.08033102222484]
[-178.14305546358804, -182.36094984707472, 148.53760881048987]
[-178.14305546358804, -182.36094984707472, 148.53760881048987]
[-193.522755417064, -169.86269793235965, 189.7498813931833]
[-200.11369819482317, -149.65628997259003, 226.57091504991035]
[-201.5674728783199, -150.74350452886884, 234.16577824696216]
[-200.80274197219688, -127.84425451454086, 277.106561832719]
[-200.80274197219688, -127.84425451454086, 277.106561832719]
[-190.36874389486775, -101.22085649694453, 318.45288016230353]
[-170.34052800660976, -74.74698949853997, 354.7229974254524]
[-170.34052800660976, -74.74698949853997, 354.7229974254524]
[-141.0284529860255, -49.13556748824045, 386.0898754794068]
[-103.86814945213952, -27.639310784981838, 410.56092769222363]
[-103.86814945213952, -27.639310784981838, 410.56092769222363]
[-58.94296836900238, -11.023856299745718, 427.7496095505552]
[-11.045396134014036, -1.1994853131596868, 435.7878533461293]
[-11.045396134014036, -1.1994853131596868, 435.7878533461293]
[40.2385783904485, 1.2660932827629074, 434.99753054700267]
[88.79347631629207, -3.748845710182364, 425.3512902850837]
[88.79347631629207, -3.748845710182364, 425.3512902850837]
[133.23339953598955, -15.710914421511575, 407.7116762077473]
[173.27796455987135, -34.06136447130672, 381.74097971192253]
[173.27796455987135, -34.06136447130672, 381.74097971192253]
[205.06597647317514, -56.594613592603345, 349.8636003360085]
[216.18155465142374, -77.18441751128191, 333.2297267509923]
[228.44757685070505, -81.56381879812407, 312.1850898961695]
[233.72382226228837, -103.84577195277943, 285.26311779310123]
[233.72382226228837, -103.84577195277943, 285.26311779310123]
[231.15090929687625, -124.27328943788366, 263.2703247606818]
[224.31399429734117, -143.78233860746383, 239.98710368817606]
[224.31399429734117, -143.78233860746383, 239.98710368817606]
[214.18277585921675, -160.69096081284243, 216.1276745122682]
[199.64995216548303, -175.78385907536503, 191.944854510988]
[199.64995216548303, -175.78385907536503, 191.944854510988]
[182.36102592094926, -187.25271156732555, 169.03624895720156]
[162.91595265620845, -194.6100445683613, 146.19125167840136]
[162.91595265620845, -194.6100445683613, 146.19125167840136]
[141.43264884827687, -198.64368424914707, 125.63137327912311]
[127.15514673704944, -197.8724415705482, 113.85368248564778]
[127.15514673704944, -197.8724415705482, 113.85368248564778]
[124.1289737710832, -191.8661111663338, 108.82699284500292]
[121.07859787122885, -187.15114620916034, 105.18430800136949]
[121.07859787122885, -187.15114620916034, 105.18430800136949]
[120.73907289649782, -186.62634257495304, 104.63881016969732]
[120.73907289649782, -186.62634257495304, 104.63881016969732]
[120.73907289649782, -186.62634257495304, 104.63881016969732]
[120.81901537659286, -186.74990963836174, 104.89643994271312]
[120.81901537659286, -186.74990963836174, 104.89643994271312]
[120.73907289649782, -186.62634257495304, 104.63881016969732]
[120.81901537659286, -186.74990963836174, 104.89643994271312]
[120.81901537659286, -186.74990963836174, 104.89643994271312]
and
[120.81901537659286, -186.74990963836174, 104.89643994271312]
[120.73907289649782, -186.62634257495304, 104.63881016969732]
[120.73907289649782, -186.62634257495304, 104.63881016969732]
[120.73907289649782, -186.62634257495304, 104.63881016969732]
[120.73907289649782, -186.62634257495304, 104.63881016969732]
[120.73907289649782, -186.62634257495304, 104.63881016969732]
[120.81901537659286, -186.74990963836174, 104.89643994271312]
[120.73907289649782, -186.62634257495304, 104.63881016969732]
[120.73907289649782, -186.62634257495304, 104.63881016969732]
[131.65882072239935, -188.56659591152967, 122.09536450484438]
[131.65882072239935, -188.56659591152967, 122.09536450484438]
[153.82342921121403, -183.17688150577, 165.8353024928511]
[166.90588729226795, -171.90994120722218, 206.94621591660348]
[166.90588729226795, -171.90994120722218, 206.94621591660348]
[174.28824597994736, -153.45388334697725, 249.3509865537241]
[172.9855266624774, -130.19795981800388, 290.90032545190826]
[172.9855266624774, -130.19795981800388, 290.90032545190826]
[162.06815428691544, -103.53307332171383, 329.37848463476166]
[142.48768375229508, -76.32383542636374, 363.5994502313848]
[142.48768375229508, -76.32383542636374, 363.5994502313848]
[116.62141220465975, -51.388085730501686, 390.43357755774707]
[104.0092717389032, -37.13496772601272, 404.40109753647505]
[104.0092717389032, -37.13496772601272, 404.40109753647505]
[87.90640604474316, -24.260626594326897, 415.6844679064442]
[64.25015444035017, -12.527334480322558, 426.27877766816516]
[64.25015444035017, -12.527334480322558, 426.27877766816516]
[43.011205417323026, -5.071891656529263, 432.8308404058555]
[28.074963165817742, -1.2284768322501094, 435.3718752600291]
[20.95256296398965, -0.9168217968977377, 436.696592312731]
[2.3620343134070616, -0.03080744853220995, 437.9243715720099]
[2.3620343134070616, -0.03080744853220995, 437.9243715720099]
[1.336765488575716, -0.01743511250245483, 437.9970181499324]
[1.336765488575716, -0.01743511250245483, 437.9970181499324]
[1.336765488575716, -0.01743511250245483, 437.9970181499324]
[-1.4570472593018797, 0.019003918865711792, 437.9964644339063]
[0.3548659519793917, -0.0046284317248677515, 437.99961393654286]
[0.3548659519793917, -0.0046284317248677515, 437.99961393654286]
[-0.13608564739096268, 0.0017749325461623804, 437.9997817942208]
