Traj Not Smooth
[0.4217538832628506, -0.005500835012468658, 437.9977823671521]
[0.4217538832628506, -0.005500835012468658, 437.9977823671521]
[0.4217538832628506, -0.005500835012468658, 437.9977823671521]
[0.7608135086520137, -0.009923108600639656, 437.996758515352]
[0.7608135086520137, -0.009923108600639656, 437.996758515352]
[0.4217538832628506, -0.005500835012468658, 437.9977823671521]
[0.4217538832628506, -0.005500835012468658, 437.9977823671521]
[0.4217538832628506, -0.005500835012468658, 437.9977823671521]
[0.4217538832628506, -0.005500835012468658, 437.9977823671521]
[0.4217538832628506, -0.005500835012468658, 437.9977823671521]
[0.4217538832628506, -0.005500835012468658, 437.9977823671521]
[0.4217538832628506, -0.005500835012468658, 437.9977823671521]
[0.4217538832628506, -0.005500835012468658, 437.9977823671521]
[0.4217538832628506, -0.005500835012468658, 437.9977823671521]
[0.4217538832628506, -0.005500835012468658, 437.9977823671521]
[0.4217538832628506, -0.005500835012468658, 437.9977823671521]
[0.7608135086520137, -0.009923108600639656, 437.996758515352]
[0.4217538832628506, -0.005500835012468658, 437.9977823671521]
[0.4217538832628506, -0.005500835012468658, 437.9977823671521]
[0.4217538832628506, -0.005500835012468658, 437.9977823671521]
[0.4217538832628506, -0.005500835012468658, 437.9977823671521]
[0.4217538832628506, -0.005500835012468658, 437.9977823671521]
[0.4217538832628506, -0.005500835012468658, 437.9977823671521]
[0.4217538832628506, -0.005500835012468658, 437.9977823671521]
[0.4217538832628506, -0.005500835012468658, 437.9977823671521]
[0.4217618270391754, -0.004853708448734977, 437.9977823671521]
[0.4217538832628506, -0.005500835012468658, 437.9977823671521]
[0.4217538832628506, -0.005500835012468658, 437.9977823671521]
[0.4217538832628506, -0.005500835012468658, 437.9977823671521]
[0.4217538832628506, -0.005500835012468658, 437.9977823671521]
[0.4217538832628506, -0.005500835012468658, 437.9977823671521]
[0.4217538832628506, -0.005500835012468658, 437.9977823671521]
[0.4217538832628506, -0.005500835012468658, 437.9977823671521]
[0.4217538832628506, -0.005500835012468658, 437.9977823671521]
[0.4217538832628506, -0.005500835012468658, 437.9977823671521]
[0.4217538832628506, -0.005500835012468658, 437.9977823671521]
[0.4217538832628506, -0.005500835012468658, 437.9977823671521]
[0.4217538832628506, -0.005500835012468658, 437.9977823671521]
[0.4217538832628506, -0.005500835012468658, 437.9977823671521]
[0.4217538832628506, -0.005500835012468658, 437.9977823671521]
[0.4217538832628506, -0.005500835012468658, 437.9977823671521]
[0.4217538832628506, -0.005500835012468658, 437.9977823671521]
[0.4217538832628506, -0.005500835012468658, 437.9977823671521]
[0.4217538832628506, -0.005500835012468658, 437.9977823671521]
[0.4217538832628506, -0.005500835012468658, 437.9977823671521]
[0.4217538832628506, -0.005500835012468658, 437.9977823671521]
[0.4217538832628506, -0.005500835012468658, 437.9977823671521]
[0.4217538832628506, -0.005500835012468658, 437.9977823671521]
[0.4217538832628506, -0.005500835012468658, 437.9977823671521]
[0.4217538832628506, -0.005500835012468658, 437.9977823671521]
[0.4217538832628506, -0.005500835012468658, 437.9977823671521]
[0.4217538832628506, -0.005500835012468658, 437.9977823671521]
[0.4217538832628506, -0.005500835012468658, 437.9977823671521]
[0.4217538832628506, -0.005500835012468658, 437.9977823671521]
[0.4217538832628506, -0.005500835012468658, 437.9977823671521]
[0.4217538832628506, -0.005500835012468658, 437.9977823671521]
[0.4217538832628506, -0.005500835012468658, 437.9977823671521]
[0.4217538832628506, -0.005500835012468658, 437.9977823671521]
[0.4217538832628506, -0.005500835012468658, 437.9977823671521]
[0.4217538832628506, -0.005500835012468658, 437.9977823671521]
[0.4217538832628506, -0.005500835012468658, 437.9977823671521]
[0.4217538832628506, -0.005500835012468658, 437.9977823671521]
[0.4217538832628506, -0.005500835012468658, 437.9977823671521]
[0.4217538832628506, -0.005500835012468658, 437.9977823671521]
[0.4217538832628506, -0.005500835012468658, 437.9977823671521]
[0.4217538832628506, -0.005500835012468658, 437.9977823671521]
[0.4217538832628506, -0.005500835012468658, 437.9977823671521]
[0.4217538832628506, -0.005500835012468658, 437.9977823671521]
[0.4217538832628506, -0.005500835012468658, 437.9977823671521]
[0.4217538832628506, -0.005500835012468658, 437.9977823671521]
[0.4217538832628506, -0.005500835012468658, 437.9977823671521]
[0.4217538832628506, -0.005500835012468658, 437.9977823671521]
[0.4217538832628506, -0.005500835012468658, 437.9977823671521]
[0.4217538832628506, -0.005500835012468658, 437.9977823671521]
[0.4217538832628506, -0.005500835012468658, 437.9977823671521]
[0.4217538832628506, -0.005500835012468658, 437.9977823671521]
[0.4217538832628506, -0.005500835012468658, 437.9977823671521]
[0.4217538832628506, -0.005500835012468658, 437.9977823671521]
[0.4217538832628506, -0.005500835012468658, 437.9977823671521]
[0.4217538832628506, -0.005500835012468658, 437.9977823671521]
[0.4217538832628506, -0.005500835012468658, 437.9977823671521]
[0.4217538832628506, -0.005500835012468658, 437.9977823671521]
[0.4217538832628506, -0.005500835012468658, 437.9977823671521]
[0.4217538832628506, -0.005500835012468658, 437.9977823671521]
[0.4217538832628506, -0.005500835012468658, 437.9977823671521]
[0.4217538832628506, -0.005500835012468658, 437.9977823671521]
[0.4217538832628506, -0.005500835012468658, 437.9977823671521]
[0.4217538832628506, -0.005500835012468658, 437.9977823671521]
[0.4217538832628506, -0.005500835012468658, 437.9977823671521]
[0.4217538832628506, -0.005500835012468658, 437.9977823671521]
[0.4217538832628506, -0.005500835012468658, 437.9977823671521]
[0.4217538832628506, -0.005500835012468658, 437.9977823671521]
[0.4217538832628506, -0.005500835012468658, 437.9977823671521]
[0.4217538832628506, -0.005500835012468658, 437.9977823671521]
[0.4217538832628506, -0.005500835012468658, 437.9977823671521]
[0.4217538832628506, -0.005500835012468658, 437.9977823671521]
[0.4217538832628506, -0.005500835012468658, 437.9977823671521]
[0.4217538832628506, -0.005500835012468658, 437.9977823671521]
[0.4217538832628506, -0.005500835012468658, 437.9977823671521]
[0.4217538832628506, -0.005500835012468658, 437.9977823671521]
[0.4217538832628506, -0.005500835012468658, 437.9977823671521]
[0.4217538832628506, -0.005500835012468658, 437.9977823671521]
[0.4217538832628506, -0.005500835012468658, 437.9977823671521]
[0.4217538832628506, -0.005500835012468658, 437.9977823671521]
[0.4217538832628506, -0.005500835012468658, 437.9977823671521]
[0.4217538832628506, -0.005500835012468658, 437.9977823671521]
[0.4217538832628506, -0.005500835012468658, 437.9977823671521]
[0.4217538832628506, -0.005500835012468658, 437.9977823671521]
[0.4217538832628506, -0.005500835012468658, 437.9977823671521]
[0.4217618270391754, -0.004853708448734977, 437.9977823671521]
[0.4217618270391754, -0.004853708448734977, 437.9977823671521]
[0.4217538832628506, -0.005500835012468658, 437.9977823671521]
[0.4217538832628506, -0.005500835012468658, 437.9977823671521]
[0.4217538832628506, -0.005500835012468658, 437.9977823671521]
[0.4217538832628506, -0.005500835012468658, 437.9977823671521]
[0.4217538832628506, -0.005500835012468658, 437.9977823671521]
[0.4217538832628506, -0.005500835012468658, 437.9977823671521]
[0.4217538832628506, -0.005500835012468658, 437.9977823671521]
[0.4217538832628506, -0.005500835012468658, 437.9977823671521]
[0.4217538832628506, -0.005500835012468658, 437.9977823671521]
[-0.06919498480442876, 0.0009024936348288205, 437.99805286553243]
[0.4217538832628506, -0.005500835012468658, 437.9977823671521]
[0.4217538832628506, -0.005500835012468658, 437.9977823671521]
[0.4217538832628506, -0.005500835012468658, 437.9977823671521]
[0.4217538832628506, -0.005500835012468658, 437.9977823671521]
[0.4217538832628506, -0.005500835012468658, 437.9977823671521]
[0.4217538832628506, -0.005500835012468658, 437.9977823671521]
[0.4217538832628506, -0.005500835012468658, 437.9977823671521]
[0.4217538832628506, -0.005500835012468658, 437.9977823671521]
[0.4217538832628506, -0.005500835012468658, 437.9977823671521]
[0.4217538832628506, -0.005500835012468658, 437.9977823671521]
[0.4217538832628506, -0.005500835012468658, 437.9977823671521]
[0.7608135086520137, -0.009923108600639656, 437.996758515352]
[0.7608135086520137, -0.009923108600639656, 437.996758515352]
[0.4217538832628506, -0.005500835012468658, 437.9977823671521]
[0.7608135086520137, -0.009923108600639656, 437.996758515352]
[0.7608135086520137, -0.009923108600639656, 437.996758515352]
[0.4217618270391754, -0.004853708448734977, 437.9977823671521]
Start Here
[0.4217618270391754, -0.004853708448734977, 437.9977823671521]
[0.4217618270391754, -0.004853708448734977, 437.9977823671521]
[-54.97434594142632, -5.969991456824081, 432.4365999426153]
[-54.97434594142632, -5.969991456824081, 432.4365999426153]
[-159.32263419583683, -41.61140019494309, 384.4652133525719]
[-209.9454643089233, -90.9758394568675, 317.956813957107]
[-209.9454643089233, -90.9758394568675, 317.956813957107]
[-225.3259794204019, -141.5214251338956, 234.680961603109]
[-205.12700458072146, -178.38326751298683, 145.98402029910696]
[-205.12700458072146, -178.38326751298683, 145.98402029910696]
[-160.98767204919122, -190.51800690240336, 81.66274424353989]
[-120.1736587022309, -187.00820075152487, 55.875814209820106]
[-120.1736587022309, -187.00820075152487, 55.875814209820106]
[-114.87533124795948, -179.97518181686667, 52.264853242806026]
[-114.87533124795948, -179.97518181686667, 52.264853242806026]
[-115.44722674369066, -180.8711704917746, 52.60411595630002]
[-115.44722674369066, -180.8711704917746, 52.60411595630002]
[-115.44722674369066, -180.8711704917746, 52.60411595630002]
[-115.44722674369066, -180.8711704917746, 52.60411595630002]
[-115.44722674369066, -180.8711704917746, 52.60411595630002]
[-115.44722674369066, -180.8711704917746, 52.60411595630002]
[-115.50107677156923, -180.95553733061638, 52.93342715551438]
[-115.50107677156923, -180.95553733061638, 52.93342715551438]
[-115.50107677156923, -180.95553733061638, 52.93342715551438]
[-115.50107677156923, -180.95553733061638, 52.93342715551438]
[-115.50107677156923, -180.95553733061638, 52.93342715551438]
[-115.50107677156923, -180.95553733061638, 52.93342715551438]
[-115.44722674369066, -180.8711704917746, 52.60411595630002]
[-115.44722674369066, -180.8711704917746, 52.60411595630002]
[-115.44722674369066, -180.8711704917746, 52.60411595630002]
[-115.50107677156923, -180.95553733061638, 52.93342715551438]
[-115.50107677156923, -180.95553733061638, 52.93342715551438]
[-115.50107677156923, -180.95553733061638, 52.93342715551438]
[-115.50107677156923, -180.95553733061638, 52.93342715551438]
[-115.50107677156923, -180.95553733061638, 52.93342715551438]
[-115.50107677156923, -180.95553733061638, 52.93342715551438]
[-115.77859080704167, -180.778104693958, 52.93342715551438]
[-115.77859080704167, -180.778104693958, 52.93342715551438]
[-115.21550408091828, -180.50813059530174, 52.761621078754075]
[-115.50107677156923, -180.95553733061638, 52.93342715551438]
[-115.50107677156923, -180.95553733061638, 52.93342715551438]
[-115.50107677156923, -180.95553733061638, 52.93342715551438]
[-115.50107677156923, -180.95553733061638, 52.93342715551438]
[-115.50107677156923, -180.95553733061638, 52.93342715551438]
[-115.44722674369066, -180.8711704917746, 52.60411595630002]
[-115.44722674369066, -180.8711704917746, 52.60411595630002]
[-115.44722674369066, -180.8711704917746, 52.60411595630002]
[-116.01722380734054, -181.76418489313494, 52.95424161768719]
[-115.50107677156923, -180.95553733061638, 52.93342715551438]
[-115.50107677156923, -180.95553733061638, 52.93342715551438]
[-115.50107677156923, -180.95553733061638, 52.93342715551438]
[-115.44722674369066, -180.8711704917746, 52.60411595630002]
[-115.44722674369066, -180.8711704917746, 52.60411595630002]
[-115.77859080704167, -180.778104693958, 52.93342715551438]
[-115.50107677156923, -180.95553733061638, 52.93342715551438]
[-115.50107677156923, -180.95553733061638, 52.93342715551438]
[-115.50107677156923, -180.95553733061638, 52.93342715551438]
[-115.50107677156923, -180.95553733061638, 52.93342715551438]
[-115.50107677156923, -180.95553733061638, 52.93342715551438]
[-115.50107677156923, -180.95553733061638, 52.93342715551438]
[-115.50107677156923, -180.95553733061638, 52.93342715551438]
[-115.50107677156923, -180.95553733061638, 52.93342715551438]
[-144.8604803671469, -187.18258978315887, 86.18374075414377]
[-144.8604803671469, -187.18258978315887, 86.18374075414377]
[-192.8188531492607, -174.55463921492537, 164.78445303933546]
[-216.34955696463368, -144.36516685979217, 164.78445303933546]
[-208.2557146168512, -138.96432889428857, 252.06002073099765]
[-187.33347872126797, -85.30770582452936, 334.9633167778056]
[-187.33347872126797, -85.30770582452936, 334.9633167778056]
[-122.91468380857145, -35.14318997013411, 400.71787762683834]
[-23.91215912088679, -3.0431759660954616, 434.48688363876545]
[-23.91215912088679, -3.0431759660954616, 434.48688363876545]
[75.94479163877887, -1.806498292388763, 428.7979190338764]
[162.7641196797135, -28.377935973396383, 389.7314683140194]
[162.7641196797135, -28.377935973396383, 389.7314683140194]
[222.35182786722248, -74.42159187643847, 323.90483383322766]
[233.1228476843707, -119.85409034241829, 266.2726982437848]
[233.1228476843707, -119.85409034241829, 266.2726982437848]
[217.0660479640431, -157.19941664100097, 222.4163397716992]
[187.2980849438988, -184.8002242802874, 174.36973768852351]
[187.2980849438988, -184.8002242802874, 174.36973768852351]
[146.4830086553614, -198.55712299257095, 130.38201560745358]
[130.26356352278276, -204.77605291329462, 120.1680635947841]
[123.62406523020584, -194.33867336593818, 109.763596093702]
[119.63456549562704, -186.16929143894353, 103.73234283938416]
[119.63456549562704, -186.16929143894353, 103.73234283938416]
[120.15457860804062, -186.97850968014268, 104.2977732536676]
[120.23435512836052, -187.10265388712747, 104.55517690924604]
[120.23435512836052, -187.10265388712747, 104.55517690924604]
[120.15457860804062, -186.97850968014268, 104.2977732536676]
[120.15457860804062, -186.97850968014268, 104.2977732536676]
[120.15457860804062, -186.97850968014268, 104.2977732536676]
[120.15457860804062, -186.97850968014268, 104.2977732536676]
[120.15457860804062, -186.97850968014268, 104.2977732536676]
[120.15457860804062, -186.97850968014268, 104.2977732536676]
[120.15457860804062, -186.97850968014268, 104.2977732536676]
[120.23435512836052, -187.10265388712747, 104.55517690924604]
[120.23435512836052, -187.10265388712747, 104.55517690924604]
[120.15457860804062, -186.97850968014268, 104.2977732536676]
[120.15457860804062, -186.97850968014268, 104.2977732536676]
[120.15457860804062, -186.97850968014268, 104.2977732536676]
[120.15457860804062, -186.97850968014268, 104.2977732536676]
[120.15457860804062, -186.97850968014268, 104.2977732536676]
[120.15457860804062, -186.97850968014268, 104.2977732536676]
[120.15457860804062, -186.97850968014268, 104.2977732536676]
[120.15457860804062, -186.97850968014268, 104.2977732536676]
[120.15457860804062, -186.97850968014268, 104.2977732536676]
[120.15457860804062, -186.97850968014268, 104.2977732536676]
[120.15457860804062, -186.97850968014268, 104.2977732536676]
[120.15457860804062, -186.97850968014268, 104.2977732536676]
[120.15457860804062, -186.97850968014268, 104.2977732536676]
[120.15457860804062, -186.97850968014268, 104.2977732536676]
[120.15457860804062, -186.97850968014268, 104.2977732536676]
[120.23435512836052, -187.10265388712747, 104.55517690924604]
[120.23435512836052, -187.10265388712747, 104.55517690924604]
[120.1430713138358, -186.960602607888, 103.95676859605042]
[120.15457860804062, -186.97850968014268, 104.2977732536676]
[120.15457860804062, -186.97850968014268, 104.2977732536676]
[119.86754580043728, -187.16264933598023, 104.2977732536676]
[120.15457860804062, -186.97850968014268, 104.2977732536676]
[120.15457860804062, -186.97850968014268, 104.2977732536676]
[120.15457860804062, -186.97850968014268, 104.2977732536676]
[120.15457860804062, -186.97850968014268, 104.2977732536676]
[120.15457860804062, -186.97850968014268, 104.2977732536676]
[145.83536618053745, -186.07156983292307, 143.93894178381447]
[145.83536618053745, -186.07156983292307, 143.93894178381447]
[177.09560331290916, -160.32072953487034, 229.52224070576693]
[169.1668004159437, -112.50642970245727, 315.68975020322273]
[169.1668004159437, -112.50642970245727, 315.68975020322273]
[123.57614946546741, -57.88440827651014, 384.3152927709475]
[88.51746663563614, -26.044728295859446, 414.5016188674623]
[88.51746663563614, -26.044728295859446, 414.5016188674623]
[2.3186524368802868, -0.030241629093963784, 437.9914089583086]
[2.3186524368802868, -0.030241629093963784, 437.9914089583086]
[-1.6089338999502185, 0.020984939987186306, 437.9957652253239]
[0.3548659519793917, -0.0046284317248677515, 437.99961393654286]
[0.3548659519793917, -0.0046284317248677515, 437.99961393654286]
[0.8458167159078597, -0.011031785099429205, 437.9986927210572]
[0.8458167159078597, -0.011031785099429205, 437.9986927210572]
[-0.6270369263820852, 0.008178292638562831, 437.9991962936957]
[0.3548659519793917, -0.0046284317248677515, 437.99961393654286]
[0.3548659519793917, -0.0046284317248677515, 437.99961393654286]
[-0.13608564739096268, 0.0017749325461623804, 437.9997817942208]
[-0.13608564739096268, 0.0017749325461623804, 437.9997817942208]
[-0.13608564739096268, 0.0017749325461623804, 437.9997817942208]
[-0.4751488554072939, 0.006197252861682542, 437.99942936390414]
[-0.13608564739096268, 0.0017749325461623804, 437.9997817942208]
[-0.13608564739096268, 0.0017749325461623804, 437.9997817942208]
[-0.13608564739096268, 0.0017749325461623804, 437.9997817942208]
[-0.13608564739096268, 0.0017749325461623804, 437.9997817942208]
[-0.13608564739096268, 0.0017749325461623804, 437.9997817942208]
[-0.13608564739096268, 0.0017749325461623804, 437.9997817942208]
[-0.13608564739096268, 0.0017749325461623804, 437.9997817942208]
[-0.13608564739096268, 0.0017749325461623804, 437.9997817942208]
[-0.13608564739096268, 0.0017749325461623804, 437.9997817942208]
