Fast Trajectory with Path Smoothing
[-4.75148855e-01  6.19725286e-03  4.37999429e+02]
[-7.07993423e+00 -1.62947281e-02  4.37918893e+02]
[-1.19057163e+01 -8.22054999e-02  4.37765310e+02]
[-1.69225433e+01 -4.28517272e-01  4.37498591e+02]
[-43.43699653  -2.83655285 434.63507029]
[-75.78615341  -9.88133465 427.18949965]
[-123.21152068  -27.57577669  407.15455112]
[-169.94691768  -59.21101782  370.20328175]
[-205.12910373 -105.06420866  309.17990213]
[-116.05583227 -180.60024646   52.93342716]
[-116.33280051 -180.42196305   52.93342716]
[-117.29461304 -181.30224179   53.5049548 ]
[-119.03501149 -182.14845742   54.53518608]
[-122.57191095 -183.23254261   59.2212807 ]
[-129.31553632 -184.60635755   66.65973383]
[-139.24783522 -186.94247873   79.04839506]
[-152.71554808 -187.62951218   95.51769565]
[-168.64492813 -185.28837578  119.74708385]
[-186.61467771 -179.10825645  152.85623105]
[-202.65040244 -164.55403142  193.08095748]
[-211.57507124 -140.7105636   242.97260013]
[-207.62520063 -107.14822843  297.53485374]
[-182.55520382  -68.03518875  352.591021  ]
[-133.27622476  -30.25811119  399.57215395]
[-60.62710483  -5.08163238 430.41812661]
[ 28.27496291  -1.84643125 436.64214679]
[116.75520617 -26.31898132 411.36756421]
[180.34190669 -72.30018311 358.51384284]
[ 211.37779342 -129.17028084  279.90215487]
[ 200.25688664 -176.31824079  195.61459111]
[ 162.90882526 -196.43151381  148.76963715]
[ 147.49385271 -191.19069132  127.50905592]
[ 135.05938952 -186.64504945  115.31510602]
[ 130.7988069  -187.94857316  112.23002162]
[ 126.95172582 -186.66514034  108.33380591]
[ 124.65063037 -186.96010739  106.9861879 ]
[ 123.73098673 -187.44443293  106.23967459]
[ 123.02320135 -186.99560747  105.42390603]
[ 122.73613893 -187.18414859  105.42390603]
[ 123.36354869 -187.51293636  105.9789014 ]
[ 123.4231936  -188.23197154  106.88334071]
[ 126.99001265 -189.83715578  115.44949853]
[ 138.30784857 -188.6850162   132.51817867]
[ 155.1114877  -184.71073456  162.38992387]
[ 172.98133231 -171.19899611  206.20277828]
[ 182.83401619 -143.41115136  263.46581316]
[172.19522899 -99.505051   329.40296852]
