[0.4217538832628506, -0.005500835012468658, 437.9977823671521]
[0.4217538832628506, -0.005500835012468658, 437.9977823671521]
[-15.19921417252867, -0.3848786606183774, 437.6015490409057]
[-49.917224680854574, -3.182819472034982, 433.5772899868773]
[-49.917224680854574, -3.182819472034982, 433.5772899868773]
[-68.42906108788432, -7.006465933550285, 429.51649422484815]
[-91.6950515085882, -12.81517088873452, 422.4114904443331]
[-91.6950515085882, -12.81517088873452, 422.4114904443331]
[-113.70306284104217, -20.363866517723295, 413.1644249525814]
[-134.17573917884923, -28.950565315099567, 402.2068407613851]
[-134.17573917884923, -28.950565315099567, 402.2068407613851]
[-152.87769288335963, -38.927443782718136, 389.4858756328697]
[-169.25736880323157, -50.365922871815926, 375.34251979612213]
[-169.25736880323157, -50.365922871815926, 375.34251979612213]
[-184.30817856931066, -62.317905216897785, 359.3803763201975]
[-197.4775499940958, -74.9800138500946, 341.51630581619264]
[-197.4775499940958, -74.9800138500946, 341.51630581619264]
[-207.5844170838813, -88.0673738977656, 323.0415306727219]
[-215.61036458486706, -101.3979310668903, 303.1638905764803]
[-215.61036458486706, -101.3979310668903, 303.1638905764803]
[-221.52258142471862, -114.32018890279576, 282.5648464635527]
[-222.30898936173196, -125.74823296383406, 272.8839679206772]
[-224.71775693017744, -127.11074316291445, 261.0943346405571]
[-225.60458040845486, -138.81672337157147, 240.08882410685862]
[-225.60458040845486, -138.81672337157147, 240.08882410685862]
[-224.14075013363595, -150.06160500152274, 218.47730676808888]
[-220.76369732016943, -160.3942145681002, 195.27485137197465]
[-220.76369732016943, -160.3942145681002, 195.27485137197465]
[-215.157883431752, -168.76531166311707, 172.48931738882905]
[-207.52488569165018, -176.04180668427824, 151.69597433274475]
[-207.52488569165018, -176.04180668427824, 151.69597433274475]
[-198.6348541495247, -182.05035486278302, 130.57842413103438]
[-187.63034382222423, -185.69706921720342, 109.0373670553494]
[-187.63034382222423, -185.69706921720342, 109.0373670553494]
[-176.90528340727474, -187.89331943753515, 97.29744537804036]
[-165.46629179676262, -190.42094323535025, 88.64187842609502]
[-165.46629179676262, -190.42094323535025, 88.64187842609502]
[-153.54213324524176, -191.02791295568176, 79.25149517712244]
[-142.01178192368343, -190.04375446407101, 70.62556747565951]
[-142.01178192368343, -190.04375446407101, 70.62556747565951]
[-130.06629498996898, -189.3643190644469, 62.847195405367756]
[-125.37873466433203, -192.5000242107265, 62.847195405367756]
[-121.8658427691984, -187.10651169304705, 57.66354506831374]
[-119.78098162844327, -183.9055237332799, 55.97564273466669]
[-119.78098162844327, -183.9055237332799, 55.97564273466669]
[-117.95450855143591, -181.1012514419263, 54.610438935768556]
[-117.95450855143591, -181.1012514419263, 54.610438935768556]
[-117.95450855143591, -181.1012514419263, 54.610438935768556]
[-118.0642348466837, -181.26971952025158, 54.83145389580399]
[-117.95450855143591, -181.1012514419263, 54.610438935768556]
[-117.95450855143591, -181.1012514419263, 54.610438935768556]
[-117.95450855143591, -181.1012514419263, 54.610438935768556]
[-118.0642348466837, -181.26971952025158, 54.83145389580399]
[-118.0642348466837, -181.26971952025158, 54.83145389580399]
[-118.0642348466837, -181.26971952025158, 54.83145389580399]
[-118.0642348466837, -181.26971952025158, 54.83145389580399]
[-118.0642348466837, -181.26971952025158, 54.83145389580399]
[-117.90128751500019, -181.01953861534673, 54.27889788185739]
[-117.95450855143591, -181.1012514419263, 54.610438935768556]
[-117.95450855143591, -181.1012514419263, 54.610438935768556]
[-118.0642348466837, -181.26971952025158, 54.83145389580399]
[-117.95450855143591, -181.1012514419263, 54.610438935768556]
[-117.95450855143591, -181.1012514419263, 54.610438935768556]
[-117.95450855143591, -181.1012514419263, 54.610438935768556]
[-117.95450855143591, -181.1012514419263, 54.610438935768556]
[-118.0642348466837, -181.26971952025158, 54.83145389580399]
[-118.0642348466837, -181.26971952025158, 54.83145389580399]
and
[-118.0642348466837, -181.26971952025158, 54.83145389580399]
[-117.95450855143591, -181.1012514419263, 54.610438935768556]
[-118.0642348466837, -181.26971952025158, 54.83145389580399]
[-118.0642348466837, -181.26971952025158, 54.83145389580399]
[-118.0642348466837, -181.26971952025158, 54.83145389580399]
[-118.0642348466837, -181.26971952025158, 54.83145389580399]
[-118.0642348466837, -181.26971952025158, 54.83145389580399]
[-118.35167855764917, -181.7110457265513, 55.01543533269853]
[-117.95450855143591, -181.1012514419263, 54.610438935768556]
[-117.95450855143591, -181.1012514419263, 54.610438935768556]
[-117.95450855143591, -181.1012514419263, 54.610438935768556]
[-118.01119875821588, -181.18829065321577, 54.49960409874467]
[-118.01119875821588, -181.18829065321577, 54.49960409874467]
[-117.95450855143591, -181.1012514419263, 54.610438935768556]
[-117.95450855143591, -181.1012514419263, 54.610438935768556]
[-117.95450855143591, -181.1012514419263, 54.610438935768556]
[-118.0642348466837, -181.26971952025158, 54.83145389580399]
[-118.0642348466837, -181.26971952025158, 54.83145389580399]
[-117.95450855143591, -181.1012514419263, 54.610438935768556]
[-117.95450855143591, -181.1012514419263, 54.610438935768556]
[-117.95450855143591, -181.1012514419263, 54.610438935768556]
[-118.0642348466837, -181.26971952025158, 54.83145389580399]
[-118.0642348466837, -181.26971952025158, 54.83145389580399]
[-118.0642348466837, -181.26971952025158, 54.83145389580399]
[-117.95450855143591, -181.1012514419263, 54.610438935768556]
[-117.95450855143591, -181.1012514419263, 54.610438935768556]
[-117.95450855143591, -181.1012514419263, 54.610438935768556]
[-117.90128751500019, -181.01953861534673, 54.27889788185739]
[-118.0642348466837, -181.26971952025158, 54.83145389580399]
[-118.0642348466837, -181.26971952025158, 54.83145389580399]
[-118.0642348466837, -181.26971952025158, 54.83145389580399]
[-118.01119875821588, -181.18829065321577, 54.49960409874467]
[-118.01119875821588, -181.18829065321577, 54.49960409874467]
[-118.0642348466837, -181.26971952025158, 54.83145389580399]
[-118.0642348466837, -181.26971952025158, 54.83145389580399]
[-117.95450855143591, -181.1012514419263, 54.610438935768556]
[-120.9430377390784, -183.22087033190977, 58.5658210325133]
[-120.9430377390784, -183.22087033190977, 58.5658210325133]
[-135.36287252411432, -187.06444677527494, 76.27566547479371]
[-147.62837078774368, -188.35926680342172, 94.4621899890232]
[-147.62837078774368, -188.35926680342172, 94.4621899890232]
[-159.42042153621662, -188.07715245805832, 112.45206790134209]
[-170.50423555030574, -186.18022737897292, 133.04628992908266]
[-170.50423555030574, -186.18022737897292, 133.04628992908266]
[-179.75969196826145, -182.32926066112472, 153.3651478536823]
[-187.88908395145523, -175.9519644936487, 173.15131945513312]
[-187.88908395145523, -175.9519644936487, 173.15131945513312]
[-194.1004171020022, -168.79428771000005, 195.1198700953218]
[-194.1004171020022, -168.79428771000005, 195.1198700953218]
[-198.78888321582605, -159.90570760777362, 217.51833205089125]
[-201.23944684800045, -150.01727356640862, 238.07785457580735]
[-201.23944684800045, -150.01727356640862, 238.07785457580735]
[-201.61908606152275, -138.5974280201361, 259.75474951547307]
[-199.73005083665598, -125.87304348107214, 281.63354055859816]
[-199.73005083665598, -125.87304348107214, 281.63354055859816]
[-195.3500767199199, -113.28553438695508, 301.66698920229027]
[-189.0081874610035, -100.12574407858523, 320.87739281573283]
[-189.0081874610035, -100.12574407858523, 320.87739281573283]
[-179.6971698953583, -86.53759597962346, 339.98028442839296]
[-167.69466297132317, -73.27931797276536, 357.8688550597317]
[-167.69466297132317, -73.27931797276536, 357.8688550597317]
[-154.36144939094845, -60.24100173837954, 373.5754987529083]
[-156.47464581041464, -54.517158464313574, 373.5754987529083]
[-137.6733643919749, -47.96662477808866, 388.8632882842129]
[-120.04796423192958, -36.526181416988464, 401.38375290058434]
[-120.04796423192958, -36.526181416988464, 401.38375290058434]
[-100.13633647588398, -26.48181831941993, 412.46791664347955]
[-79.47619753668644, -17.78744279071592, 421.19426679148006]
[-79.47619753668644, -17.78744279071592, 421.19426679148006]
[-56.41276283313999, -10.46108331267526, 428.41906964914153]
[-32.62334851172039, -4.814839630075872, 433.37599440891745]
[-32.62334851172039, -4.814839630075872, 433.37599440891745]
[-7.977955969652223, -0.8663737269832772, 436.0946821646632]
[18.163975496581127, 1.2981581878946231, 436.57948199398766]
[18.163975496581127, 1.2981581878946231, 436.57948199398766]
[40.714311545260145, 1.343597204296345, 435.02144553955594]
[65.34040464416981, -0.2506397665056531, 431.1669627515932]
[65.34040464416981, -0.2506397665056531, 431.1669627515932]
[90.12911949418249, -3.666708602740447, 424.95846486369237]
[89.92220308683844, -7.120416054095502, 424.95846486369237]
[111.89478313575856, -8.86029682168681, 417.3363322168045]
[134.5268798933423, -15.654197390164528, 407.01691788428536]
[134.5268798933423, -15.654197390164528, 407.01691788428536]
[155.00386790276286, -24.09328820381221, 395.10715028015363]
[173.93798880841751, -33.63704826635431, 381.20774398319725]
[173.93798880841751, -33.63704826635431, 381.20774398319725]
[190.63666093274355, -44.20454318814943, 366.1124376922105]
[205.6548377003828, -56.07853812436849, 349.2137927792305]
[205.6548377003828, -56.07853812436849, 349.2137927792305]
[218.95835574236486, -68.09198952827848, 330.44464991257513]
[229.11564639741886, -81.01049283542594, 311.145106641906]
[229.11564639741886, -81.01049283542594, 311.145106641906]
[233.1462943422382, -91.81294151819174, 297.2685562379881]
[233.5279341865072, -102.04718199255878, 286.73859274785474]
[233.5279341865072, -102.04718199255878, 286.73859274785474]
[233.00389701314282, -112.2087630246113, 275.4581369682945]
[231.46216747159906, -122.16099884346147, 264.23992387810046]
[231.46216747159906, -122.16099884346147, 264.23992387810046]
[228.6830253246889, -132.14719263626824, 252.09829869743876]
[225.14000897510954, -141.40462221673292, 244.3347584027653]
[225.06408656549422, -141.35693731302206, 240.988743848291]
[220.62235222930485, -150.169969564386, 229.1869256879989]
[220.62235222930485, -150.169969564386, 229.1869256879989]
[214.85850972842485, -158.63646058460424, 218.44535655797193]
[208.41444959037435, -166.5977017785508, 206.05654236375395]
[208.41444959037435, -166.5977017785508, 206.05654236375395]
[201.1217891749554, -173.2808182300636, 193.32879265817567]
[193.20941229499772, -179.27213625675813, 181.94349132122463]
[193.20941229499772, -179.27213625675813, 181.94349132122463]
[184.51794271591322, -184.8721778265978, 170.93103941646032]
[174.90682987903065, -189.2313448055744, 159.4892918491001]
[174.90682987903065, -189.2313448055744, 159.4892918491001]
[165.17929857191848, -192.46385075709566, 148.21140685809831]
[154.5520300144884, -195.3345370781947, 137.8810846298287]
[154.5520300144884, -195.3345370781947, 137.8810846298287]
[143.84667769577453, -196.24130512250395, 127.30778636214868]
[133.0015864230391, -196.8570223108442, 117.41104116701433]
[133.0015864230391, -196.8570223108442, 117.41104116701433]
[127.6622891225839, -196.00607604171827, 113.52529610459837]
[125.72354640072328, -193.02943073809652, 110.82388905226087]
[125.72354640072328, -193.02943073809652, 110.82388905226087]
[124.52328146989369, -190.54665848772535, 108.89450926563266]
[124.52328146989369, -190.54665848772535, 108.89450926563266]
[122.73763930125031, -187.81425259162765, 106.7509855331449]
[121.673230415413, -186.8107850560705, 105.86839094425363]
[121.673230415413, -186.8107850560705, 105.86839094425363]
[121.673230415413, -186.8107850560705, 105.86839094425363]
[121.673230415413, -186.8107850560705, 105.86839094425363]
[121.673230415413, -186.8107850560705, 105.86839094425363]
and
[121.673230415413, -186.8107850560705, 105.86839094425363]
[121.673230415413, -186.8107850560705, 105.86839094425363]
[121.673230415413, -186.8107850560705, 105.86839094425363]
[121.673230415413, -186.8107850560705, 105.86839094425363]
[121.673230415413, -186.8107850560705, 105.86839094425363]
[121.673230415413, -186.8107850560705, 105.86839094425363]
[121.95972121286214, -186.6238752535926, 105.86839094425363]
[123.42118327243006, -186.97510074568586, 109.7484382762378]
[124.45084077891434, -188.5349651944288, 110.96759178436429]
[136.1235204653997, -188.72465701715, 131.25355760887805]
[136.1235204653997, -188.72465701715, 131.25355760887805]
[146.00017415296867, -186.87170138842524, 151.4769996001666]
[154.83506767646327, -183.2368166870647, 170.67574557927202]
[154.83506767646327, -183.2368166870647, 170.67574557927202]
[162.1574500166664, -177.61243039349685, 190.8859090984226]
[168.04908218711822, -170.45125431486844, 211.36473184868643]
[168.04908218711822, -170.45125431486844, 211.36473184868643]
[172.22493598571316, -161.77971565344922, 231.98942321950545]
[174.24075595626368, -151.99401458732677, 253.15970718926687]
[174.24075595626368, -151.99401458732677, 253.15970718926687]
[174.1257971653087, -140.50732041048423, 274.4485863486585]
[171.90632457703344, -128.5612281654842, 294.3033035163724]
[171.90632457703344, -128.5612281654842, 294.3033035163724]
[167.46017517632757, -115.49459753207375, 314.0800427192528]
[160.69888537500472, -102.31149757047851, 332.15150587432726]
[160.69888537500472, -102.31149757047851, 332.15150587432726]
[152.0407719410407, -88.794607801114, 349.1963737501287]
[142.06500916067185, -75.81713778886731, 362.34561709683913]
[140.43054388659004, -74.94485769943284, 365.78318958925325]
[126.46117218183932, -62.10012727523515, 380.6783681338052]
[126.46117218183932, -62.10012727523515, 380.6783681338052]
[116.78123667606806, -51.67263070852923, 390.88811004336753]
[112.60137346714347, -45.1425853780122, 396.7709637473894]
[112.60137346714347, -45.1425853780122, 396.7709637473894]
[103.19883803237559, -36.8456143920953, 404.9363116019565]
[95.67999903595373, -30.399964660587486, 410.71935567103804]
[95.67999903595373, -30.399964660587486, 410.71935567103804]
[86.83174259511786, -24.107477627707215, 416.2668886562221]
[76.72218108162384, -18.28713203313086, 421.49208547856466]
[76.72218108162384, -18.28713203313086, 421.49208547856466]
[65.85025873341904, -13.049202595703438, 426.13281223820104]
[54.25361428662728, -8.688953842174872, 430.03120715595713]
[54.25361428662728, -8.688953842174872, 430.03120715595713]
[43.744151588035386, -5.362590296670667, 432.789226157675]
[31.638471995450715, -2.700760138091075, 435.2689375543923]
[31.638471995450715, -2.700760138091075, 435.2689375543923]
[19.26804948194428, -0.931992953319392, 436.8404300977221]
[6.806201859142106, -0.10966238247032806, 437.75046053357914]
[6.806201859142106, -0.10966238247032806, 437.75046053357914]
[4.25874486518881, -0.05554579055073372, 437.9196715774703]
[4.25874486518881, -0.05554579055073372, 437.9196715774703]
[0.912701758417884, -0.011904150709449219, 437.99675851527604]
[-0.06919498480442876, 0.0009024936348288205, 437.99805286553243]
[-0.06919498480442876, 0.0009024936348288205, 437.99805286553243]
[0.4217538832628506, -0.005500835012468658, 437.9977823671521]