Fast Trajectory with Path Smoothing
[-4.75157805e-01  5.46819865e-03  4.37999429e+02]
[-7.07985089e+00 -3.80208877e-02  4.37918893e+02]
[-1.10761500e+01 -9.34733408e-02  4.37797078e+02]
[-1.19052117e+01 -1.37007235e-01  4.37765310e+02]
[-1.37809990e+01 -2.43192158e-01  4.37683932e+02]
[-19.00107133  -0.53950123 437.38303074]
[-28.27971705  -1.19396489 436.59584104]
[-39.61635712  -2.52601609 435.20647215]
[-55.52592285  -4.99742348 432.35815619]
[-71.88566409  -9.03645133 428.38462026]
[-93.76155415 -15.75501319 421.13031215]
[-118.16076879  -25.49507888  409.88432989]
[-142.73777526  -38.68693989  394.52997054]
[-166.60411484  -56.04713631  373.50012769]
[-187.13496064  -77.03071063  347.38444134]
[-202.43346245 -100.56628377  316.02804768]
[-210.76979178 -125.2717319   279.77706827]
[-211.2664077  -149.56670539  238.18115861]
[-203.31429985 -169.80508762  196.72324193]
[-186.12336195 -185.33967068  152.03295843]
[-163.17876241 -193.11101395  110.91723134]
[-140.34237511 -191.46059707   78.86002949]
[-132.77710924 -184.08511815   69.10307068]
[-127.30942667 -182.33723371   63.66110395]
[-124.54252636 -182.51987315   61.70126557]
[-121.68865441 -181.30957904   59.1736764 ]
[-120.59359022 -180.87506227   57.60575894]
[-119.77330713 -180.8446647    56.38288327]
[-119.38586542 -180.86185511   56.16033241]
[-119.38586542 -180.86185511   56.16033241]
[-119.38586542 -180.86185511   56.16033241]
[-119.49568626 -181.02822657   56.38288327]
[-119.95342314 -181.11662029   56.34754282]
[-119.78504705 -181.46658942   56.57089983]
[-120.29230763 -182.23505636   57.21083926]
[-120.90599126 -183.16474732   58.08436316]
[-123.04065447 -183.9332665    59.40245959]
[-125.17442007 -184.05185506   60.53428061]
[-128.53664232 -184.69800333   64.79497962]
[-133.2663307  -186.56746696   72.10061281]
[-137.97238946 -187.02101287   75.45735558]
[-144.31328452 -188.25956939   85.04559881]
[-151.31307457 -188.25465185   93.3863336 ]
[-158.44964724 -187.51442643  102.85408069]
[-167.08575357 -187.00513474  118.69744515]
[-175.49254186 -184.11554706  130.78453986]
[-184.59750514 -180.46631354  148.58553859]
[-193.201394   -174.36231257  167.45370205]
[-201.0457164  -166.86577867  188.33822815]
[-207.16597143 -156.92212518  212.95702503]
[-211.19152808 -144.22540464  238.62787012]
[-211.84865059 -129.45801538  264.53697788]
[-208.62134728 -112.16075719  292.00327365]
[-200.22211232  -93.41185997  319.56797341]
[-186.3594784   -73.38830707  346.60860012]
[-166.1961609   -53.64821824  372.20028251]
[-138.91771839  -34.69268249  395.82249559]
[-105.95252353  -18.97576892  414.82381975]
[-67.39528664  -7.21424487 428.77506051]
[-25.54198019  -0.80366978 436.46164188]
[ 19.79388325  -0.8052714  437.33896939]
[ 64.87480383  -7.75099591 430.49388451]
[ 97.79491762 -17.3599443  419.79011635]
[121.79489384 -27.65146945 407.97707156]
[146.27960544 -40.37060603 391.41851233]
[165.16010285 -53.59373727 374.09938592]
[180.06853524 -68.05407    355.86192741]
[192.28277391 -82.27284832 336.41875281]
[201.48864817 -95.89178022 316.96940112]
[ 206.94267553 -109.22011239  297.43840642]
[ 210.29734858 -121.52281173  277.77712121]
[ 211.97513981 -133.13610806  256.30857857]
[ 211.34504526 -143.85522905  238.38124044]
[ 208.97198137 -153.30164431  218.34516622]
[ 204.57169784 -161.47818875  200.79337359]
[ 199.46824549 -167.63467192  185.50191397]
[ 192.44897219 -172.61463335  175.81215056]
[ 186.08316231 -175.8754754   166.61019395]
[ 179.04260409 -179.38632772  159.44706803]
[ 172.99801822 -181.49845282  151.96048609]
[ 166.38036008 -183.36471908  144.72378649]
[ 160.84141578 -185.09857104  139.3533288 ]
[ 155.23549662 -186.01453684  133.68543765]
[ 149.95624292 -186.56656367  129.08420261]
[ 144.99812664 -186.76768069  124.14672231]
[ 140.92114967 -187.98203364  121.28612428]
[ 137.45385863 -187.51996948  117.7722416 ]
[ 134.7220689  -187.99491016  115.80157308]
[ 131.04445425 -187.074501    112.34581288]
[ 129.32103571 -187.04676009  110.96520013]
[ 127.52455963 -186.89011037  109.67925036]
[ 126.24426892 -186.85544686  108.8468719 ]
[ 124.87601995 -186.67695165  107.41441504]
[ 124.22318802 -186.9398129   107.15325976]
[ 123.77713872 -186.89001527  106.63161102]
[ 123.41055573 -186.95900071  106.37111877]
[ 123.04383305 -187.02696772  106.11084876]
[ 123.04383305 -187.02696772  106.11084876]
[ 123.04383305 -187.02696772  106.11084876]
[ 123.04383305 -187.02696772  106.11084876]
[ 123.33065394 -186.83795467  106.11084876]
[ 123.13321079 -187.16282213  106.71485476]
[ 123.75028546 -187.47366924  106.92895867]
[ 124.55752235 -188.69658087  109.06842416]
[ 129.29485637 -188.86145533  113.3671494 ]
[ 134.8556031  -188.79238437  122.77490923]
[ 142.43586249 -188.19138747  135.30477033]
[ 150.81830561 -185.88034083  149.19246002]
[ 160.82615037 -181.67555021  169.22061567]
[ 170.39868881 -174.96949453  191.96510112]
[ 178.09332388 -164.73866292  219.53974556]
[ 183.44226923 -150.36327162  249.13815861]
[ 184.21633181 -131.26700827  282.96557413]
[ 177.39709675 -108.77929402  317.58606834]
[164.09999097 -84.68636421 348.93379847]
[149.18330275 -62.48206591 373.21249622]
[128.69265916 -42.19715105 395.01465395]
[103.22797642 -24.77237493 412.52731907]
[ 73.28913186 -11.27667899 426.03455212]
[ 42.7280407   -3.11962553 434.06600235]
[ 25.25479374  -1.33811921 436.79029809]
[ 19.96596496  -0.75090846 437.26143625]
[ 9.66129905e+00 -2.74315210e-01  4.37798110e+02]
[ 7.59879218e+00 -1.69086995e-01  4.37874705e+02]
[ 5.19580258e+00 -8.37154262e-02  4.37940469e+02]
[ 4.29920958e+00 -6.92694068e-02  4.37961924e+02]
[ 3.46948364e+00 -4.52516452e-02  4.37973146e+02]
