Slow Trajectory with Path Smoothing
[3.3316199507968065, 0.017891781889727856, 476.0054472955852]
[3.4927241688735133, 0.018756959062967773, 476.0049529045743]
[-11.403907684028239, -0.09623933839150677, 475.83753080705856]
[-18.71486252721584, -0.24409345647929628, 475.5075925556314]
[-17.169279368667112, -0.2766335766915191, 475.58257871696975]
[-21.886062318688104, -0.48700480956296266, 475.300439925182]
[-28.245765059144805, -1.0623069510012735, 474.7958778424453]
[-43.751284238660915, -2.52015741806706, 472.995373353676]
[-67.47623331454145, -6.490691530847537, 468.58318334544254]
[-83.90420846083205, -10.547253137511325, 464.29393974253213]
[-105.15114450141337, -17.171534759830703, 457.0653837955841]
[-139.59210913870618, -31.017055041966817, 440.43879662763504]
[-164.04222355611716, -45.002021358086864, 424.1969993207574]
[-188.60473057477907, -63.77064661293715, 401.64818323419377]
[-223.69966086201134, -103.53040852197948, 348.27536490004246]
[-234.30152100154046, -128.29385842072315, 313.25970967896683]
[-238.03246265701438, -154.6450032630371, 271.3371239111349]
[-232.98917019475942, -179.31194229338882, 224.2148862719528]
[-218.25624149483593, -198.80459919703492, 176.69155902952312]
[-194.81851195417573, -211.4236408351956, 127.98771944021108]
[-170.86189398440965, -213.24535920258455, 92.43000267363375]
[-161.17093178442235, -206.289385266598, 79.67969166702481]
[-150.13815914097165, -204.16665836962414, 67.06944558991755]
[-146.39076836575563, -203.6171594543906, 61.63095457835841]
[-140.34849737886063, -201.67079805667117, 55.29940474228249]
[-137.61396571242028, -201.67636146751985, 53.64867345907355]
[-134.37631633063785, -200.21351591955903, 49.804877039877866]
[-132.93876526936006, -199.39125621684002, 48.09994731368609]
[-132.20225053600197, -199.61101721450876, 47.84937820043349]
[-131.83286980146332, -199.7182607194658, 47.48211024504576]
[-131.83286980146332, -199.7182607194658, 47.48211024504576]
[-131.83286980146332, -199.7182607194658, 47.48211024504576]
[-131.83286980146332, -199.7182607194658, 47.48211024504576]
[-132.15776617317292, -200.21045768346747, 47.68914211350966]
[-132.80578639680778, -201.19216635877964, 48.11224780394147]
[-132.99139574240598, -201.47335249795697, 48.73550142148319]
[-133.93093277088906, -202.221139341382, 49.34569712169339]
[-136.62356358617006, -202.8883398402031, 50.82398216912253]
[-139.92829155880617, -203.05416217597784, 52.9948995910689]
[-144.1412643311692, -204.43314108394793, 56.23454841010438]
[-148.99425260079823, -205.23850654559212, 61.6344219378887]
[-154.89536580922888, -206.6229652119523, 70.65691672629397]
[-161.80890634253305, -207.10595546291864, 76.15071125117596]
[-170.0773089339823, -207.6556914905661, 89.53239562599396]
[-178.2828536485127, -207.08808699486235, 100.76598298186008]
[-188.20095644847086, -205.50396740248985, 115.2045082876728]
[-198.4330213635528, -202.50877678706883, 134.0752067656538]
[-208.5843392308894, -197.74915471094585, 151.91006554161476]
[-219.23194906011804, -191.2408139720722, 175.37874627983493]
[-227.66354091207407, -181.98461139089707, 199.5671321131078]
[-234.33456021210395, -169.70528754790206, 228.46032762025314]
[-238.45934179606724, -148.75168400701222, 267.2655067475263]
[-236.94269797695705, -130.68676259450658, 298.3196729616688]
[-228.96396802691442, -110.26323547857027, 330.71746961028225]
[-215.52051156025425, -87.94264769814109, 362.79826573813244]
[-194.77413640340308, -65.19128436396633, 392.78359077719796]
[-165.9703546431455, -43.619769399816775, 420.8590804883436]
[-128.64801273165983, -24.469327021163835, 445.07306695274843]
[-85.74060800009251, -9.97719111124638, 462.6642029033521]
[-37.118125219181906, -1.5100707348704747, 473.3192924256167]
[14.801219692149171, -0.46571539489439273, 475.6682801701988]
[57.894649327436625, -4.942070563167066, 470.708206261601]
[85.26753898180277, -11.250641393188483, 463.6896912453358]
[116.80501008206389, -20.919415785174294, 451.6783198433486]
[145.3405168845124, -33.46643019091633, 436.0901705197822]
[167.61709854031346, -46.53627040428646, 419.9552132107895]
[187.56117894121834, -61.181036623173554, 401.20702786920566]
[203.61717860211525, -76.59707035840498, 381.248522848642]
[216.7115498889532, -92.72529260546244, 359.49261215453936]
[227.1381198078144, -107.67165252592056, 336.88149112436895]
[232.55324362002116, -122.28100351613163, 314.9647386715003]
[236.26595790749718, -136.0459391399014, 292.96675367212356]
[237.1075179866449, -149.42891599119923, 269.5960709956979]
[236.39662424193023, -160.90696844097425, 248.7580171853765]
[233.2894753327611, -171.14093447241532, 226.37510766746107]
[228.08975503197638, -180.04211190465944, 206.35744942435142]
[222.39973954612503, -186.9064786852008, 190.52013116039427]
[214.46241347854942, -192.35930672435592, 180.4356202881704]
[207.31386087814423, -195.9415531522386, 170.09945385740932]
[198.81076583094892, -200.4187445845386, 161.26962405969897]
[192.9028820242857, -201.76059678842472, 153.30138838205664]
[184.296938589541, -204.99854157310892, 145.51174537905842]
[179.12499460318296, -205.50186313303567, 139.7702723459106]
[171.58434206690805, -207.53948001969815, 133.41292208456326]
[166.48735787452915, -207.1335854283743, 127.20447926591234]
[160.5816360267794, -208.15588880972496, 122.08963907838125]
[156.45410142796763, -208.7022439637691, 118.79699750455968]
[152.33510110646597, -208.4917041708032, 115.17473159399692]
[149.1974141294924, -208.8703391454755, 112.66058806778614]
[145.7939207682322, -208.13032593869855, 109.84617258688542]
[143.15345926359316, -207.73430070328817, 107.25863810884475]
[141.91605428327233, -208.66813758337435, 107.09709692474551]
[140.12868003653506, -207.40590720926082, 105.1825731166562]
[138.60940776235532, -207.20696994220543, 103.96559610756887]
[137.88294305535965, -207.4959754945628, 103.6720208751767]
[137.47441269458577, -207.5714090137099, 103.37869537172536]
[137.06572783851354, -207.64570223587873, 103.08562028777524]
[136.56657247235626, -207.58156915965264, 102.50022413767122]
[136.56657247235626, -207.58156915965264, 102.50022413767122]
[136.54984938306893, -207.55615001752574, 102.11899625600586]
[136.56657247235626, -207.58156915965264, 102.50022413767122]
[136.56657247235626, -207.58156915965264, 102.50022413767122]
[136.56657247235626, -207.58156915965264, 102.50022413767122]
[136.85891741002487, -208.02593427622912, 102.82847979850838]
[137.61953102068972, -209.1820690753064, 104.08340956199505]
[137.88573185680005, -209.58669508495882, 104.97068258514193]
[139.41137369928163, -211.90567491951572, 108.94394431697002]
[140.83963860144146, -214.0766415345416, 112.14028741106888]
[142.19808537963263, -216.14148440737478, 115.94900913123278]
[143.58918601935545, -218.25596124035755, 120.13241399707445]
[145.92599235580127, -222.55085481623752, 128.16219382077674]
[149.06658746229445, -227.34055755731993, 138.33152637687118]
[151.1232470950995, -230.47715681532472, 146.7996928948279]
[153.79461533977084, -234.55124448663543, 168.3607208383103]
[155.41292586827035, -236.22807862413447, 188.42560583933022]
[155.00678772164667, -236.39992130846812, 205.68503726549966]
[153.85009159023463, -234.63585098314365, 228.40768924759885]
[152.2636478883593, -232.2163752182687, 250.24736165502304]
[148.51452996435802, -226.49861798171708, 276.7038041513753]
[143.24119585748085, -218.4562877959085, 303.2649209120679]
[133.86415219774483, -204.15541480931154, 337.90808663276346]
[125.7840516413413, -191.83250196288554, 360.28492516612073]
[113.8197539750276, -173.58582342448068, 386.1030421726363]
[98.72659372519988, -151.072332146662, 411.3543664502219]
[83.35221617725001, -127.11996445325082, 431.71792178706426]
[65.05374122890346, -99.21307017180763, 449.73946255183836]
[44.369660719432346, -67.89485860413961, 463.89038899477475]
[24.29810562547791, -37.05689500593179, 472.2248897863532]
[5.326803045705462, -8.123875343393227, 475.74156755147317]
[-13.256455320333504, 20.217340418560475, 475.1232345112302]
[-36.26793301944202, 55.31200689877641, 468.82800393024166]
[-46.98186367422222, 71.65175821497456, 463.5408335540323]
[-65.29928604798495, 99.92156174494929, 451.3449551049068]
[-82.81250505564225, 126.7204488436613, 435.1493795464173]
[-93.52124070979096, 143.10705359290847, 422.3053658282495]
[-107.6254713743873, 164.68947570670977, 402.3550793600379]
[-118.44339110714688, 181.24315492664056, 383.1049689935313]
[-128.09206159835415, 196.00763831678609, 362.4577453831272]
[-137.2179262219422, 209.9721194106807, 338.13318282078086]
[-143.73006084217198, 219.9370470680604, 316.412116813624]
[-148.8639505333824, 227.79297179279737, 295.3258876117248]
[-153.90329928316817, 235.50422910862815, 268.7632988674967]
[-155.94892397696515, 238.63446263059996, 253.54788434979494]
[-158.52111050082925, 242.57044585674038, 227.86072710556186]
[-158.9216520764528, 243.1833582207542, 210.75271931541727]
[-159.15805070764895, 243.54509755747722, 191.3537661255031]
[-158.49254991733986, 242.52674219197883, 172.36521373745447]
[-157.34620240552957, 240.7725907974544, 156.55302873023663]
[-156.29003411811271, 239.15643247274272, 142.18382945903477]
[-153.85868321300558, 235.43595719205172, 127.96170627232695]
[-151.6938120742218, 232.12325167479872, 116.47062118811003]
[-149.71433907294298, 229.09424407470954, 104.85546623051495]
[-147.3740250917005, 225.51307432336736, 95.52905091418893]
[-145.23864007886675, 222.2454887443717, 87.5354895433628]
[-142.58833683037204, 218.18997059532637, 78.63131651607499]
[-141.1275933968863, 215.23284537312122, 72.65144322964582]
[-139.2883211442845, 213.1402565617857, 66.97389503885408]
[-137.1886489471651, 209.92731905838866, 61.63095457835841]
[-135.58834527680352, 207.4785198189728, 58.2588186486724]
[-134.40863434950572, 204.9858012699437, 55.06278276982721]
[-133.6214275567776, 204.46872442451203, 54.02337225673503]
[-132.77079381360988, 203.16707692980873, 51.901966098781955]
[-131.84780811508875, 201.75471581460897, 49.9214099482455]
[-131.66519237228948, 201.47527554314397, 49.298845594401115]
[-131.41981353007594, 201.09979460580067, 48.30878800384515]
[-131.23478715305174, 200.81666555990756, 47.68914211350966]
[-131.54275668513165, 200.61506845046017, 47.68914211350966]
[-131.23478715305174, 200.81666555990756, 47.68914211350966]
[-131.23478715305174, 200.81666555990756, 47.68914211350966]
[-131.54275668513165, 200.61506845046017, 47.68914211350966]
[-131.23478715305174, 200.81666555990756, 47.68914211350966]
[-131.23478715305174, 200.81666555990756, 47.68914211350966]
[-131.55683057369606, 201.309459332826, 47.89918980065373]
[-132.67780960989396, 202.34613085126674, 49.1260388132543]
[-134.05357936493175, 202.4063227964308, 49.600898024885765]
[-138.23221246505503, 203.2515522982114, 52.49613897446426]
[-141.16597608413775, 203.51074872944795, 54.30610288992334]
[-146.17786705777016, 204.6430954990879, 58.73061715856328]
[-151.72716495628438, 206.32748193509036, 67.75591435881722]
[-158.91633253872678, 206.65206948314145, 73.81270654269674]
[-171.89074495989541, 207.91008899439305, 93.3109113488218]
[-184.65377291955144, 206.03041646340898, 109.13388247349543]
[-193.28917818857022, 204.66475155191642, 127.32743122163983]
[-205.17501357829377, 200.5833089582684, 141.62786633618805]
[-213.36670946053727, 195.5522127145806, 164.7514758977929]
[-222.01334161009325, 188.33225573897937, 185.20171582645224]
[-229.82976701785276, 179.70470997996657, 205.61328104756586]
[-234.51720579908442, 167.1098956885825, 234.77563024698168]
[-237.997364225761, 153.06891638219668, 261.810759398565]
[-237.84770597032787, 136.47121977888247, 289.8249847903025]
[-231.36326078003083, 117.15976232118469, 321.9041612272759]
[-220.66167818623214, 96.42487743958691, 351.5710758921625]
[-203.69210561339682, 74.84653544063781, 381.32598235520845]
[-177.7711138660813, 53.791336921807726, 410.162144065761]
[-145.41605133546432, 33.248955843689544, 435.2441390111157]
[-105.83045611449262, 16.949210856571447, 455.5052529815685]
[-32.63187647831231, 1.9801464801206357, 473.9712459338936]
[-8.982937537277628, 0.1171623055080793, 475.88505828684845]
[26.59101213788275, 0.8775196782623511, 474.85814957319855]
[65.99257543099272, 5.327471420696755, 468.6176242745427]
[87.88977362998216, 11.322338955838493, 462.58219213336463]
[118.40558624802208, 21.20607390038711, 450.7444992287881]
[144.49297608935154, 32.804684738391735, 436.70435783074186]
[167.75911549320998, 46.02168353232907, 419.9552132107895]
[187.82048554642688, 61.26562026688556, 400.9472083145199]
[203.73446607730318, 76.28455899834739, 381.248522848642]
[217.19051907740987, 92.14274808937611, 359.1851821172564]
[227.13811991548602, 107.67165229878256, 336.88149112436895]
[233.04759686923092, 122.0848682314506, 314.83974966386864]
[236.36680274425512, 136.10400698972552, 292.6175775830412]
[237.75645426268665, 148.82046523656663, 269.16587009362394]
[236.60044403867374, 161.04570114861127, 247.95845228584093]
[233.41815583517376, 171.23533400604413, 225.93104652097293]
[228.46701744114887, 179.77162411334803, 205.91148860068665]
[222.16946865660907, 187.2953586448393, 189.7174356901125]
[214.7896005140251, 192.05889314139586, 179.64039450779117]
[207.01297318097176, 196.2594153122045, 170.09945385740932]
[199.4739434104174, 199.24452723938953, 160.76122390599832]
[192.28283000038425, 202.35160883160802, 153.30138838205664]
[184.92515127938842, 204.4320230415823, 145.51174537905842]
[178.44023050347633, 205.9890529657102, 139.02274044513786]
[172.15588677544918, 206.93440029278753, 132.67563011397124]
[166.46512729452238, 207.75794436566068, 127.21375482617314]
[161.21964935337434, 207.6621307257986, 122.08963907838125]
[156.77703920596636, 208.46579609532685, 119.19721373824261]
[152.65482224135127, 208.25772250657207, 115.17473159399692]
[149.84598754386082, 208.42307667302504, 113.05444358284952]
[146.10207704553127, 207.8907034242088, 109.45628549851412]
[143.4720290800226, 207.51440783588626, 107.25863810884475]
[141.2397206633595, 207.6736811003211, 106.11264203913126]
[140.1139492736562, 207.38410360785218, 104.79853436733241]
[138.69952720143354, 207.34168889107067, 104.25942037775367]
[137.77664501927592, 207.33601026449125, 102.99671209409746]
[137.4744129021572, 207.5714088762355, 103.37869537172536]
[137.04946058034602, 207.62105794152922, 102.70388811961944]
[136.56657267993802, 207.58156902308593, 102.50022413767122]
[136.2312240830799, 207.7654214768717, 102.11899625600586]
[136.24790815072518, 207.79086624821252, 102.50022413767122]
[136.24790815072518, 207.79086624821252, 102.50022413767122]
[136.24790815072518, 207.79086624821252, 102.50022413767122]
[136.2312240830799, 207.7654214768717, 102.11899625600586]
[136.81417852145478, 208.65448178889613, 102.77659525468276]
[139.43585966321743, 209.13607226297782, 105.8601756489503]
[146.3500270658696, 208.92420348553708, 111.1097440419838]
[152.9149424880192, 209.2852970458668, 120.05587304464993]
[161.93343041093132, 207.92213818679025, 137.15872369117432]
[172.0667090643012, 205.54101244072388, 153.07729481576277]
[186.74927681398236, 198.34874825279147, 185.92344301462683]
[197.33181984851137, 189.39431039613825, 213.67050575888288]
[204.86297607552626, 175.95717733092158, 245.86141907450687]
[208.51623035646597, 156.94022643767238, 281.66237159160886]
[205.51829346453127, 133.97007310543574, 320.47267324936905]
[194.86429646533983, 107.08862116019499, 358.31803720517826]
[181.9365083543111, 82.17689085494524, 387.17441947435947]
[161.4592842970057, 57.36747925651376, 414.8055923701124]
[133.14572543813063, 34.77459491814531, 438.4190126022919]
[99.3564502882808, 16.851932079876534, 456.6927298677058]
[52.306801563086104, 3.818982298676089, 471.0335384001711]
[35.96006792681719, 2.348289281041472, 473.77907254827744]
[33.4075653135657, 1.6159193925557194, 474.1487807498759]
[20.359441559698958, 0.6718740345207044, 475.3038078107419]
[10.970248726843522, 0.26094922812851107, 475.8020979613717]
[9.965988052867248, 0.17586897327307824, 475.84836264229375]
[7.273032492038551, 0.08369931540416585, 475.9343015152479]
[0.9389985004325359, 0.007924353382751208, 476.02182930437425]
