Fast Trajectory without Path Smoothing
[1.4819757835902856, 0.010232610734413608, 476.0199719337901]
[1.4819897395777488, 0.00795872205562888, 476.0199719337901]
[1.4819897395777488, 0.00795872205562888, 476.0199719337901]
[1.4819897395777488, 0.00795872205562888, 476.0199719337901]
[1.4819897395777488, 0.00795872205562888, 476.0199719337901]
[0.8569893425940696, 0.0046022855625837055, 476.0263700887187]
[-1.0747683212504324, -0.007420961923099775, 476.02812380508453]
[-8.172980501045414, -0.0438913161384092, 475.9278547955182]
[-12.576127815114114, -0.14472825327154198, 475.77740245370285]
[-26.055517017606782, -0.6997905756373357, 474.9462890940539]
[-36.148595307776944, -1.6373296739751246, 473.92121420264976]
[-47.626138009468505, -3.110115075773548, 472.2633914285832]
[-70.26642382479042, -6.43279465739115, 467.7986565080016]
[-86.08403140337523, -10.55303099777187, 463.2762956284353]
[-103.15045456102223, -15.87131033699529, 457.4025974332564]
[-123.56139753900545, -23.305445317982137, 448.33517936449573]
[-149.39477305880257, -34.39997206400901, 434.0782239878176]
[-163.16202251593228, -44.49147788776604, 423.50140849258815]
[-185.20040666000216, -58.53017339568555, 404.5176202386221]
[-201.13914781773246, -74.25893872893846, 384.9919197271934]
[-215.29323337146334, -90.5592536796856, 363.1213312197029]
[-227.26989336807912, -108.16150094064021, 336.49555405156667]
[-233.78123119989772, -124.76417578389206, 311.5183395042914]
[-236.76416784272595, -141.70659870814958, 284.4917788039102]
[-237.14634929870593, -156.66957061873012, 257.2765348364588]
[-233.57674603023113, -170.25162168402784, 230.7221858939319]
[-228.08225670110045, -181.17497123954598, 206.27240393179721]
[-219.23940019754272, -190.65573864720005, 180.6497473155145]
[-210.32131099158613, -197.56559423379537, 158.62324040584252]
[-199.46607507394685, -202.31733597780294, 137.29804787821632]
[-188.96949618279285, -205.07609101929756, 120.23374121384477]
[-178.46095296455243, -206.6528294155293, 104.14397232456969]
[-168.30016773090549, -206.13028396051754, 89.24865906191805]
[-160.63862388678587, -206.25960969989694, 79.64463586261047]
[-152.3204824484296, -204.49271980800236, 69.08471237302209]
[-146.87747641756732, -203.63417877567684, 62.28669055683902]
[-141.29116636587594, -202.3623944908163, 56.44282992629434]
[-137.61396571242028, -201.67636146751985, 53.64867345907355]
[-135.19611138495745, -200.76854879023094, 50.64696154471564]
[-133.4522385479792, -200.1614008909702, 48.92963917138752]
[-132.65156504477025, -200.28943324586103, 48.30878800384515]
[-131.72672845478584, -200.22499238526572, 47.43835825024331]
[-132.15776617317292, -200.21045768346747, 47.68914211350966]
[-132.15776617317292, -200.21045768346747, 47.68914211350966]
[-132.03378957122402, -200.02264115980057, 47.43835825024331]
[-131.85041673361738, -200.41299891194183, 47.68914211350966]
[-132.03378957122402, -200.02264115980057, 47.43835825024331]
[-131.72672845478584, -200.22499238526572, 47.43835825024331]
[-131.85041673361738, -200.41299891194183, 47.68914211350966]
[-131.72672845478584, -200.22499238526572, 47.43835825024331]
[-131.85041673361738, -200.41299891194183, 47.68914211350966]
[-131.85041673361738, -200.41299891194183, 47.68914211350966]
[-133.71600334532022, -201.22527035154084, 49.1627824192951]
[-136.40644105309696, -201.89658239440237, 50.62510064657515]
[-140.0974956706739, -202.6335658581595, 52.900144469230185]
[-143.73596889836057, -203.1955905859058, 55.345201904147004]
[-148.98908285298626, -204.57040999136157, 60.856389072549746]
[-153.77257448245427, -205.78234419983698, 67.82007545121465]
[-160.24198354457798, -206.40282910960784, 74.5284412573387]
[-168.2655898999037, -206.73461835690279, 85.45641955423812]
[-173.60354716387866, -207.37683100587455, 91.15091203587781]
[-183.1671505489372, -206.2742504066812, 105.85022605464668]
[-190.8822524482316, -205.24792562059548, 118.0113269716568]
[-196.68106758901712, -204.45249263034694, 129.1899538991584]
[-207.32104417547816, -199.59376026494067, 148.30484824077593]
[-214.23449533776648, -195.14128296217098, 160.07209937308662]
[-221.9744644913991, -190.06320041978884, 182.50109300084674]
[-227.45481645680917, -185.27528221105638, 194.5612837916953]
[-232.59486871984032, -175.622768835975, 219.81970371597146]
[-236.19602688179046, -165.0489058709913, 242.1864928089509]
[-238.65920991073614, -152.46129958624175, 264.3003489900359]
[-240.2346808829757, -142.7842874597912, 279.4229247354567]
[-235.4604425969361, -127.52317051922196, 307.77426851957625]
[-227.52425323686145, -110.00028871984657, 335.3441070724007]
[-221.54452564484671, -95.59857990687661, 353.5242210409843]
[-210.35016749656185, -81.71943797867979, 373.7489122674805]
[-188.12370752251604, -63.28652259191789, 400.55921648290354]
[-172.36135196072516, -48.70908357890916, 416.8271161459345]
[-147.20836909380142, -34.610825177707774, 435.1815445933285]
[-120.8516625200567, -22.794350570203846, 449.6943383045034]
[-89.63455835646894, -13.088558201341655, 461.9668239259191]
[-71.78653772187664, -7.238955261587678, 467.4702021424888]
[-19.03254336269643, -0.6865606636999599, 475.39279130345477]
[4.878458892840684, 0.026198763291653323, 475.992404274869]
[23.660186251670453, -0.9262026079793337, 475.0235723941539]
[72.7672377856929, -6.324121009774841, 467.1179454096526]
[81.21928466404637, -10.843308302341658, 464.32973223034617]
[122.4241045918505, -21.925778220345784, 448.99884118896756]
[146.12475183123047, -33.6470098713813, 435.662694333819]
[166.37452373367807, -46.466360968654186, 420.7162797474168]
[188.22696368485703, -61.39821056616991, 400.64375276999345]
[203.01589346697818, -76.3708778528524, 381.866697873369]
[216.51827204541846, -92.24981467395031, 359.8540042229571]
[227.1381198078144, -107.67165252592056, 336.88149112436895]
[232.46630721648586, -122.23529066989951, 315.5820150242888]
[236.454507952698, -135.1900130599373, 293.38487212837305]
[237.31399659357322, -150.57850462422755, 266.96753416078656]
[236.18039429318807, -159.17390776347276, 252.0280333088448]
[233.2894753327611, -171.14093447241532, 226.37510766746107]
[228.72511672149363, -179.40716404388502, 208.46776669585532]
[222.70866336526, -186.58378912399925, 190.87709311951934]
[215.08506857745078, -191.73002609276662, 180.7888830100908]
[207.6040518872707, -195.61361029761645, 170.88589903560737]
[199.47711932887364, -199.86007286935015, 161.6138184433063]
[193.56286071764526, -201.82998691412027, 154.90204607684322]
[185.27991164304743, -204.19356546998347, 146.26886026633537]
[179.21327456190144, -205.60314266710708, 139.68136415223262]
[173.17147367065039, -206.21702867638174, 133.41292208456326]
[166.2533551376437, -207.4936410973532, 127.11557107223452]
[160.90068987855702, -207.90907095749748, 122.49301787599818]
[155.48153437822197, -208.73648376249562, 117.95326797756672]
[152.42633679388922, -208.61657285710004, 115.87844709285955]
[149.52601600320224, -208.65274839084842, 113.05444358284952]
[145.7939207682322, -208.13032593869855, 109.84617258688542]
[143.8689176349505, -208.08845810758947, 108.29260541779624]
[141.32901670146285, -207.80497915139648, 106.40931428644498]
[140.21837241088429, -207.53866181928635, 105.47794984503145]
[138.99357961758847, -207.78126780080694, 104.59255887290357]
[138.16064569549218, -207.9138820095738, 103.62048775951286]
[137.47441269458577, -207.5714090137099, 103.37869537172536]
[137.04946037272484, -207.62105807857873, 102.70388811961944]
[136.54984938306893, -207.55615001752574, 102.11899625600586]
[136.54984938306893, -207.55615001752574, 102.11899625600586]
[136.54984938306893, -207.55615001752574, 102.11899625600586]
[136.56657247235626, -207.58156915965264, 102.50022413767122]
[136.56657247235626, -207.58156915965264, 102.50022413767122]
[136.56657247235626, -207.58156915965264, 102.50022413767122]
[136.56657247235626, -207.58156915965264, 102.50022413767122]
[136.56657247235626, -207.58156915965264, 102.50022413767122]
[136.56657247235626, -207.58156915965264, 102.50022413767122]
[136.56657247235626, -207.58156915965264, 102.50022413767122]
[136.56657247235626, -207.58156915965264, 102.50022413767122]
[136.56657247235626, -207.58156915965264, 102.50022413767122]
[136.83678977859566, -207.99230021504778, 103.37869537172536]
[138.149685152783, -209.9879048273802, 105.8601756489503]
[139.21262405250874, -211.60357490484785, 108.8917955859496]
[139.7472105876346, -213.1276318384169, 110.96352481259198]
[141.23969847978537, -215.40381616198252, 114.88888279511453]
[142.83495712052982, -217.83673553720274, 119.11880055840109]
[144.44710890208657, -220.295418540051, 123.75294707794096]
[146.31591129630252, -223.14551785136024, 129.22293450601362]
[148.0487145045157, -225.7882056206227, 134.94810491021343]
[149.94830741828696, -228.68526336844252, 141.54735491370343]
[151.8505883948412, -231.5864206646737, 149.00051219390173]
[153.56639939109135, -234.20319371349092, 156.60500014673522]
[155.4993650975774, -237.151148107113, 165.83873572141388]
[156.50175132338657, -239.48040406691442, 174.56353175165452]
[158.30536060431282, -242.2403034017311, 185.6338555393484]
[159.36239239735028, -243.85778307060144, 195.58952024529225]
[159.29158778712122, -242.93464416279664, 220.04734567062368]
[158.02949304570205, -241.8181683531044, 235.6355907411137]
[155.07102974750603, -237.29110089169865, 259.94267315706054]
[151.2988416349129, -231.51886431427175, 283.5726945852197]
[146.5722087534151, -224.28612766586144, 305.3598964231464]
[138.7593565882197, -211.62106163488934, 333.59359251007197]
[131.97589454692587, -201.95071483821386, 352.51268161951475]
[123.62871416351368, -189.1777834547919, 372.4828170486646]
[108.66984302862727, -166.28758271598284, 399.9037542839449]
[100.93354621765782, -154.44943093425454, 412.3901772782099]
[85.52905988243155, -130.87734576071324, 431.67170075675205]
[66.40688392870263, -101.61641810134765, 449.995393337185]
[56.623812904770816, -86.64627379295987, 457.68243113818085]
[32.606885112923045, -49.895352327852066, 469.8477339634147]
[22.15014510478867, -33.89435360933817, 473.31017128798896]
[-2.579062290427202, 3.9465045867059194, 475.9981460026678]
[-12.821745205668826, 19.619951193720325, 475.11095290695596]
[-33.69926101712257, 51.39454065009818, 469.75212722425]
[-50.554020908015765, 77.35822284341248, 461.6065328677219]
[-64.0029160741685, 97.9378446138338, 452.22712040794113]
[-80.25025999912467, 122.79967814132351, 437.6936716614731]
[-95.1081203318946, 145.53531123151893, 420.5276105468952]
[-106.79314235628703, 163.4158382688808, 403.7072558017263]
[-118.35937473405093, 181.11459230796618, 383.15363586283183]
[-128.09206159835415, 196.00763831678609, 362.4577453831272]
[-137.2179262219422, 209.9721194106807, 338.13318282078086]
[-143.484093552842, 219.5606656835846, 317.15329358443745]
[-148.7748054052529, 227.65656110649815, 296.2981259611732]
[-153.2535417465511, 234.50996421319547, 273.1612743998716]
[-156.20102881815455, 239.02023575278383, 252.3122052227772]
[-158.22455647335025, 242.1166561852012, 229.91690506525757]
[-159.03624755733816, 243.35871326844284, 211.70224618738143]
[-159.1292972603067, 243.50109877069306, 192.5150421622698]
[-159.01770208012164, 243.33033481043915, 175.1418955534297]
[-157.93306811627846, 240.8627739692156, 158.64360586134035]
[-155.89699353479455, 238.55499819541484, 141.98779049134538]
[-154.14999417237635, 235.88172387305883, 129.18151275850641]
[-152.26631941644223, 232.99930761977606, 118.07968363232297]
[-149.82300270230402, 229.2605221492149, 106.01014154007183]
[-147.39618799647707, 225.54698820194253, 95.94243425634006]
[-145.70227811402577, 222.20966956926452, 88.24179671345212]
[-143.11710772734122, 218.99910063377135, 79.93542495514279]
[-141.0961945049635, 215.90668083024383, 72.9546249438659]
[-139.2883211442845, 213.1402565617857, 66.97389503885408]
[-137.56345867916622, 210.50085632112746, 63.32927953461656]
[-135.90162173645538, 207.95789830839976, 58.509281863506175]
[-134.46638105982552, 205.76167996409285, 55.67647539625422]
[-133.6214275567776, 204.46872442451203, 54.02337225673503]
[-132.8295930920611, 203.25705212077798, 52.2744419146572]
[-132.4707093350216, 202.70788492985452, 51.01842929139556]
[-131.60389684381153, 201.38148056766755, 48.92963917138752]
[-131.5422914873872, 201.28721149064808, 48.5606051035723]
[-131.41981353007594, 201.09979460580067, 48.30878800384515]
[-131.23478715305174, 200.81666555990756, 47.68914211350966]
[-131.23478715305174, 200.81666555990756, 47.68914211350966]
[-131.29712434969235, 200.91205450548588, 48.057314724511826]
[-131.23478715305174, 200.81666555990756, 47.68914211350966]
[-131.23478715305174, 200.81666555990756, 47.68914211350966]
[-131.23478715305174, 200.81666555990756, 47.68914211350966]
[-131.60524016887877, 200.710361636378, 48.057314724511826]
[-131.23478715305174, 200.81666555990756, 47.68914211350966]
[-131.23478715305174, 200.81666555990756, 47.68914211350966]
[-131.23478715305174, 200.81666555990756, 47.68914211350966]
[-131.23478715305174, 200.81666555990756, 47.68914211350966]
[-131.23478715305174, 200.81666555990756, 47.68914211350966]
[-132.78833658271753, 201.8386401219829, 49.1627824192951]
[-135.02842517024487, 201.85376510347513, 50.14529573983653]
[-139.22312955755353, 203.3637191896214, 53.2782122431104]
[-142.7819552515627, 203.1664557881546, 55.09678622472252]
[-147.99067520524622, 205.17754260510577, 60.46815484728732]
[-153.40668160937207, 205.95096024019065, 67.425979273389]
[-159.60783924894469, 206.89359295307776, 74.5284412573387]
[-166.53029811876695, 207.83928168597197, 84.74936110510862]
[-174.13354742029614, 207.36269075232394, 91.76146658463267]
[-182.23201428942346, 207.13371463996378, 106.27351381951897]
[-189.0827941445499, 205.8319046945759, 113.49291602327855]
[-197.50526333705398, 204.05224525760158, 131.9333114341884]
[-205.5599126650347, 200.9595942138999, 145.69782928349824]
[-213.199933624857, 196.60656945675925, 158.2928507921623]
[-220.7303379709403, 191.35828277485268, 179.88869386573163]
[-227.41946140831377, 184.66674046784408, 197.07967066059666]
[-232.9685163745238, 175.90489509751262, 217.75269807691703]
[-236.24303782750903, 165.6218134122539, 241.3016837735647]
[-238.51221349121954, 154.95668827116538, 261.4052449128412]
[-239.01126724592243, 142.0571477891539, 282.89482735223464]
[-235.58201168838065, 127.58901150528303, 307.43074156354646]
[-229.62877639215503, 113.19931975299649, 330.3633374642676]
[-220.86072445527986, 97.72507106130571, 352.9410427195335]
[-205.59197390567812, 79.50807120877278, 379.12391359827876]
[-191.21118553113058, 64.65193605681125, 397.92792944384917]
[-170.90458285477882, 49.432066822471796, 417.61001893555374]
[-147.51437742223362, 35.400107524889535, 434.9491472976338]
[-120.21690551100593, 23.05688395162835, 450.13996015462635]
[-98.48051398691172, 14.534617274091934, 459.2105496971076]
[-65.68681841301108, 6.929438954394045, 468.77390540364576]
[-32.2068113586452, 1.9543529527061068, 474.29235239591435]
[-1.2954587772264083, 0.01689635894726349, 476.02679970653685]
[32.05004922539243, 1.1069034958905084, 474.3230424927546]
[72.36496557432964, 7.185138553586901, 467.1487975441285]
[93.52799927207094, 12.34056927740449, 460.7697152192246]
[118.33995353130884, 21.569325979597565, 450.7444992287881]
[144.2360110589061, 32.51370956228523, 436.7426503863268]
[169.3941150844335, 46.19086236725737, 418.5552748754321]
[187.4670848038603, 61.46874981035565, 401.20702786920566]
[203.50580446877896, 76.19894093724082, 381.5335822644288]
[216.80034021881534, 91.58494918881571, 359.8540042229571]
[226.97528674314987, 107.59446350845087, 337.2070872998673]
[233.79300983084795, 123.39116947858093, 312.3282723838061]
[235.39223206673887, 135.0623283548069, 296.2329019206627]
[237.75645426268665, 148.82046523656663, 269.16587009362394]
[236.43727182200567, 160.40433281105987, 249.5570379872223]
[233.53636502340817, 170.7715032582056, 227.78354763542612]
[228.82128579256414, 179.48259666807235, 207.3014104996201]
[221.88182960620804, 187.6360249623207, 189.7174356901125]
[214.46017174915113, 192.3572956469775, 179.28734130585553]
[206.32112026682307, 196.8092228102406, 169.40228940511543]
[199.37221971180634, 199.75497146787205, 160.9255435967945]
[192.28283000038425, 202.35160883160802, 153.30138838205664]
[184.54517563939913, 204.64223960656483, 145.17786816700487]
[178.44023050347633, 205.9890529657102, 139.02274044513786]
[172.23127135785316, 207.02501388517334, 132.9997317649366]
[167.47162338233994, 207.7046891363624, 127.95344155254328]
[161.21964935337434, 207.6621307257986, 122.08963907838125]
[157.41311099107855, 207.97986675939515, 118.79699750455968]
[152.74038975366844, 208.37445707790164, 115.48202438860137]
[149.83767349732338, 208.4115125384937, 112.66058806778614]
[146.80504543831248, 208.21113721448148, 110.11413256665426]
[143.48484539478147, 207.5329450377707, 107.64574646495309]
[141.54417211701727, 207.43616733745506, 105.72730558125794]
[140.2038952640603, 207.51723359733413, 105.09366492297835]
[138.97844623440025, 207.75864448224004, 104.20901455288703]
[137.86709800493782, 207.472130295292, 103.2897871780475]
[137.45835583991533, 207.54716445895377, 102.99671209409746]
[137.04946058034602, 207.62105794152922, 102.70388811961944]
[136.54984959062529, 207.55614988097577, 102.11899625600586]
[136.2312240830799, 207.7654214768717, 102.11899625600586]
[136.54984959062529, 207.55614988097577, 102.11899625600586]
[136.2312240830799, 207.7654214768717, 102.11899625600586]
[136.2312240830799, 207.7654214768717, 102.11899625600586]
[136.54984959062529, 207.55614988097577, 102.11899625600586]
[136.2312240830799, 207.7654214768717, 102.11899625600586]
[136.2312240830799, 207.7654214768717, 102.11899625600586]
[136.2312240830799, 207.7654214768717, 102.11899625600586]
[138.63228129699593, 208.6236320674115, 104.54404630430965]
[143.6257036756664, 208.41958836138107, 108.20369722411837]
[148.781746639351, 208.28842104825324, 112.53664284415618]
[156.16037435667837, 208.31042574846958, 118.40856399411848]
[164.52838069444775, 207.94340268526727, 126.06413730405842]
[172.69880917384958, 206.94035601996194, 133.64847572837766]
[182.46446210183308, 204.8489873554414, 142.91349294427]
[192.44459205873733, 201.90055355340962, 153.48950087133207]
[203.4306835835503, 198.26847412287339, 166.26914839963155]
[215.7729842443373, 191.15818321668053, 180.69997481641295]
[224.3183812436141, 185.60129223496435, 193.08318215793958]
[232.91082066949377, 175.30087165476598, 214.79519945802778]
[236.68892356188928, 162.17099634638583, 245.22299814828384]
[237.51224855349915, 144.640666317264, 278.2178490234141]
[238.83448467015216, 132.6876845784638, 295.1137931448304]
[230.70767384324844, 114.17152553468478, 326.5422544047411]
[219.71656527976097, 96.01188115195285, 354.24557040419677]
[208.1954820396575, 80.51491917550862, 375.5887751916147]
[192.6966451109309, 64.49594396553319, 396.13721368347854]
[173.0080219137776, 49.46564228194373, 415.73249404768046]
[153.49162712089398, 37.832288163526265, 430.7399322076849]
[133.08838653580813, 27.22337166829761, 443.40197522036806]
[112.23986015478214, 19.569027575482366, 453.37639831561484]
[93.23171697208323, 13.321748587753053, 460.78895050042667]
[70.75802714982214, 7.903805900465398, 467.4006714928877]
[56.47473769249238, 4.9081575979827505, 470.67214791990193]
[41.527376151215385, 2.7118495016232176, 473.0599898747773]
[31.409856346767945, 1.519290481414444, 474.3414944257352]
[22.984763167452336, 0.7938182722699723, 475.1136946974631]
[12.656849281634603, 0.30106838348155934, 475.7347635278005]
[8.499077866868163, 0.149982529608195, 475.8895077293448]
[7.815686757582039, 0.10193812498723445, 475.92272490469884]
[5.262850754254413, 0.052489779826464474, 475.9717841351499]
