Slow Trajectory without Path Smoothing
[-0.4497136169074661, 0.005865507130244268, 476.02780178185293]
[0.09323017516902704, -0.001215978873302835, 476.028075291312]
[0.4750801495222719, -0.00619635674721793, 476.0275156612696]
[0.4750801495222719, -0.00619635674721793, 476.0275156612696]
[0.4750890977041238, -0.005467407953006528, 476.0275156612696]
[0.09323346767736462, -0.0009298771540297238, 476.028075291312]
[-1.6177707093831932, 0.006205619249973765, 476.0260581200114]
[-8.173095949670284, -0.006270214040228794, 475.9278547955182]
[-13.118682324601503, -0.1509720643727897, 475.7576886593678]
[-22.12679721423677, -0.5942743008744751, 475.24799530919853]
[-38.36143784016018, -1.737559093991506, 473.6599399970978]
[-50.73433007796177, -3.313088388635885, 471.77554226010113]
[-65.24652050167597, -5.973229398198921, 468.8748435127498]
[-83.75779312814953, -10.13743658984683, 463.98933279469605]
[-104.0335396796507, -15.843821758795308, 457.10293237733424]
[-123.89685267783767, -23.368716950954905, 448.1679529221251]
[-145.5856654944684, -33.052761374516024, 436.2388788995961]
[-166.33436287780162, -45.0824421657655, 421.51526823228954]
[-183.92788691333647, -58.74941026958478, 405.3664108380224]
[-201.51725774093208, -74.39853383970788, 384.6626303870571]
[-215.29323337146334, -90.5592536796856, 363.1213312197029]
[-226.80993118508331, -107.94259733070105, 337.20708776316695]
[-233.90746259152974, -124.8315428494781, 311.1770559667116]
[-236.9756985514391, -141.3398004452743, 285.116786721302]
[-237.38645685351543, -156.30551956375422, 257.2765348364588]
[-233.44183635442815, -170.15328744709421, 231.16554689629288]
[-228.08225670110045, -181.17497123954598, 206.27240393179721]
[-218.94660858105905, -190.99190524454244, 180.6497473155145]
[-210.624199132257, -197.24265416503482, 158.62324040584252]
[-199.46607507394685, -202.31733597780294, 137.29804787821632]
[-188.5683869069578, -205.27193042569647, 119.90847357387308]
[-178.77782165156037, -206.37876374274305, 104.14397232456969]
[-168.11267380637224, -205.9006455922023, 89.60373788072597]
[-160.63862388678587, -206.25960969989694, 79.64463586261047]
[-152.2716743778235, -204.42719418107168, 68.69353300351483]
[-146.19822493801587, -204.00905604346298, 61.9015191678555]
[-140.28974971810376, -201.58638185094, 54.92249144751409]
[-138.2322032102315, -201.25311508029432, 53.64867345907355]
[-134.56148176388052, -200.48940250008613, 50.42880478544164]
[-133.4522385479792, -200.1614008909702, 48.92963917138752]
[-132.71396130028808, -200.38364480416502, 48.67747884410588]
[-132.03378957122402, -200.02264115980057, 47.43835825024331]
[-132.15776617317292, -200.21045768346747, 47.68914211350966]
[-131.72672845478584, -200.22499238526572, 47.43835825024331]
[-132.15776617317292, -200.21045768346747, 47.68914211350966]
[-131.72672845478584, -200.22499238526572, 47.43835825024331]
[-131.72672845478584, -200.22499238526572, 47.43835825024331]
[-131.85041673361738, -200.41299891194183, 47.68914211350966]
[-132.03378957122402, -200.02264115980057, 47.43835825024331]
[-131.72672845478584, -200.22499238526572, 47.43835825024331]
[-132.15776617317292, -200.21045768346747, 47.68914211350966]
[-131.72672845478584, -200.22499238526572, 47.43835825024331]
[-132.7290344491049, -201.07589212819406, 48.40359747896322]
[-136.40644105309696, -201.89658239440237, 50.62510064657515]
[-139.663253598334, -202.66955760167062, 52.63945317510438]
[-143.86429886427632, -202.7165600161474, 54.69894581547257]
[-148.98908285298626, -204.57040999136157, 60.856389072549746]
[-154.52160247374718, -205.46675097809504, 68.1001829741232]
[-161.16088097557008, -206.27652081792473, 74.44518236491773]
[-165.90077195618252, -206.40378998712498, 82.65327658034573]
[-175.30837917508222, -206.82106118880552, 93.7305765398934]
[-180.75436657011156, -206.72991854217355, 99.85957833263724]
[-190.3427660857811, -205.93145249431188, 118.76753941978178]
[-197.20214447292466, -204.36562056153, 131.49757111300437]
[-206.27717600532688, -200.42650983897775, 142.26797752735536]
[-214.36104729550289, -195.2565562348301, 165.90456537202897]
[-221.07789483080734, -191.659590692051, 175.6829499625681]
[-228.05905659547383, -184.02768224850342, 196.27047270675786]
[-232.1943144103477, -175.8803582491713, 220.6288773884952]
[-236.9780267667615, -165.59535124143062, 239.61027598794968]
[-238.63092633026127, -154.51364281677795, 261.482295119864]
[-238.80337749821518, -141.43819340390294, 283.74729552722283]
[-235.83172669905727, -127.72425451169079, 307.0194485300691]
[-230.26179299610124, -112.63437579536938, 329.9702751768035]
[-220.9730722183964, -96.9650153246424, 353.2545008072124]
[-209.06637234370953, -81.59011041608312, 375.0259671013124]
[-192.16539110436048, -65.30329904751157, 397.04149696077855]
[-169.53343957936102, -48.1909400704705, 418.6586399107144]
[-153.77180602045615, -36.65231185502133, 431.39272691363925]
[-125.27247806270873, -24.824593992116256, 447.69169296634857]
[-93.21691336407241, -14.050188968348706, 460.88851093880896]
[-65.70777354465659, -6.727832730582138, 468.77390540364576]
[-26.463266730934894, -1.4428712220313835, 474.83816713012607]
[-5.859911572477301, -0.03146945368801199, 475.9793702133331]
[39.323488745241704, -1.5997912248687896, 473.46836744662346]
[58.196579591422065, -5.057801050179593, 470.1573321090427]
[91.72879890538644, -12.103173543365044, 461.407547956414]
[121.2550013667932, -21.71639545120275, 449.5169143431247]
[143.39808446329056, -32.55610827606307, 437.16442560888026]
[168.274018594197, -46.99686655247939, 419.45746191060124]
[187.56117894121834, -61.181036623173554, 401.20702786920566]
[202.90335476264335, -75.97336514782185, 382.1510066761382]
[216.8535682891378, -92.39267105300681, 359.49261215453936]
[226.67683631663488, -107.45298753115766, 337.5922424055169]
[232.46630721648586, -122.23529066989951, 315.5820150242888]
[236.454507952698, -135.1900130599373, 293.38487212837305]
[237.19506794403497, -148.97609326295546, 270.3085426502262]
[236.72807071991372, -160.07176695941854, 249.19663570832685]
[233.53541865034975, -170.22149895119853, 227.6238202280017]
[228.72511672149363, -179.40716404388502, 208.46776669585532]
[222.70866336526, -186.58378912399925, 190.87709311951934]
[215.08506857745078, -191.73002609276662, 180.7888830100908]
[207.56045893146222, -195.57253510957594, 170.53708438728063]
[199.48561538790844, -199.86858523900693, 162.39145392476786]
[193.33121425408063, -201.58844676258192, 153.98022856788106]
[185.34518949369277, -204.26550698242966, 146.60318817475786]
[179.14255825799216, -205.5220131059343, 139.35196953855873]
[172.85485974197647, -206.4824924127032, 133.41292208456326]
[166.9359039709305, -207.69163957953413, 128.2619354922387]
[161.30189782425506, -207.7680729104589, 122.40410968232034]
[156.8577920897544, -208.57317331308295, 119.10830554456474]
[153.03464475184916, -208.77589177677476, 115.86010093755482]
[149.43945910483222, -208.53196449504324, 112.749496261464]
[146.4958399134374, -208.4509945986064, 110.50504178239879]
[143.83098600464618, -208.71748018413655, 108.25473601765657]
[141.64769690378623, -207.58788568644317, 106.40931428644498]
[140.12868003653506, -207.40590720926082, 105.1825731166562]
[138.99357961758847, -207.78126780080694, 104.59255887290357]
[137.88294305535965, -207.4959754945628, 103.6720208751767]
[137.47441269458577, -207.5714090137099, 103.37869537172536]
[136.9754453692244, -207.50893014098114, 102.7927963132973]
[136.56657247235626, -207.58156915965264, 102.50022413767122]
[136.56657247235626, -207.58156915965264, 102.50022413767122]
[136.56657247235626, -207.58156915965264, 102.50022413767122]
[136.56657247235626, -207.58156915965264, 102.50022413767122]
[136.56657247235626, -207.58156915965264, 102.50022413767122]
[136.56657247235626, -207.58156915965264, 102.50022413767122]
[136.56657247235626, -207.58156915965264, 102.50022413767122]
[136.56657247235626, -207.58156915965264, 102.50022413767122]
[136.56657247235626, -207.58156915965264, 102.50022413767122]
[136.56657247235626, -207.58156915965264, 102.50022413767122]
[136.56657247235626, -207.58156915965264, 102.50022413767122]
[136.56657247235626, -207.58156915965264, 102.50022413767122]
[137.41887844411838, -208.87707660206382, 104.0428068752755]
[138.2371691634038, -210.12088076631076, 106.1571634231418]
[139.12744502436732, -211.47410254568274, 108.5920814289189]
[140.0833197896508, -212.9270348416721, 111.35458077147561]
[141.51399391382256, -215.82214248158928, 115.26363978767469]
[142.75857656940065, -217.72024801725706, 118.80802932557188]
[144.44710890208657, -220.295418540051, 123.75294707794096]
[146.98454430380943, -223.41691525557854, 129.5576866675719]
[147.91204993048297, -225.57977929928632, 134.7118400630588]
[150.00554805059846, -228.77256071311348, 141.87821779544277]
[151.87842121171673, -231.62886832658504, 149.76150410120607]
[153.56639939109135, -234.20319371349092, 156.60500014673522]
[155.4993650975774, -237.151148107113, 165.83873572141388]
[157.10309172409455, -239.59698195659416, 175.80091318660686]
[158.12796216584402, -241.96884669683095, 184.72342663139827]
[159.82279997008183, -243.74479267368315, 196.96760171635015]
[159.45558388463485, -243.18475362649798, 219.1554213625]
[157.99376731920972, -240.95534595917383, 240.15592970988138]
[155.4900597001013, -237.93230433840193, 257.9182536133233]
[151.49029195268258, -231.8118233327525, 282.79522507138023]
[146.5333789030085, -224.2267098754112, 305.9808951889887]
[139.94797925842647, -214.1496714110438, 329.3273879093925]
[132.09499809759967, -202.13296817531693, 351.9267842192697]
[122.82523084798486, -187.94828597353845, 374.0561391747271]
[111.45273788515381, -170.54599375024404, 395.60282772044945]
[99.23607022093586, -151.34433489014717, 414.97965829818753]
[84.83067714094989, -129.80867413429934, 432.8465676682137]
[70.37105950905553, -107.68243564905826, 446.91613210760016]
[53.75239240841661, -82.25240001903637, 459.432278737629]
[36.94227244220195, -56.52940147185768, 468.2751202752906]
[15.516468557668688, -23.743441389379427, 474.6113707071801]
[5.254984652046168, -8.014345542414151, 475.8834335923953]
[-16.02244599833375, 24.51769267356374, 474.64777310451416]
[-34.699013423101725, 53.09674610680184, 469.3822173178691]
[-47.8420759326161, 73.20837996290729, 463.0448060328727]
[-65.48847680027666, 100.21106315577326, 451.186528498704]
[-80.0718174823503, 122.52662377829893, 437.88767431382564]
[-94.85755133220793, 145.15188826797896, 420.79401685513034]
[-107.18044909004698, 164.0084985574357, 403.1503236565503]
[-118.22420601101612, 180.90775589792054, 383.4368697010371]
[-128.09206159835415, 196.00763831678609, 362.4577453831272]
[-137.03646690919118, 209.69444871899924, 338.5177949443887]
[-143.484093552842, 219.5606656835846, 317.15329358443745]
[-149.46260023638325, 228.70903101614078, 292.12408465223405]
[-152.82220522974558, 233.84992914994592, 274.8048977908896]
[-156.32209482464833, 239.20549205764127, 250.53492783005436]
[-158.22455647335025, 242.1166561852012, 229.91690506525757]
[-159.11123604572964, 243.4734613357872, 211.2560787517678]
[-159.1292972603067, 243.50109877069306, 192.5150421622698]
[-159.01770208012164, 243.33033481043915, 175.1418955534297]
[-157.563313260037, 241.10481580276647, 158.64360586134035]
[-156.3254526052797, 239.21063016411978, 142.9620954257627]
[-154.2127024630592, 235.9776806701176, 129.51317144859155]
[-152.26631941644223, 232.99930761977606, 118.07968363232297]
[-149.82300270230402, 229.2605221492149, 106.01014154007183]
[-147.3740250917005, 225.51307432336736, 95.52905091418893]
[-145.2675150377814, 222.28967346926984, 87.94289300540017]
[-143.11710772734122, 218.99910063377135, 79.93542495514279]
[-141.17809932879715, 216.03201233702157, 73.7463437436981]
[-139.33446185424447, 213.21086149605452, 67.36463335677546]
[-137.61266059354136, 210.5761455382499, 63.71518427944608]
[-135.78641725583586, 207.78161136377594, 58.24334097578513]
[-134.78193419443136, 205.5551186221835, 55.67647539625422]
[-133.6214275567776, 204.46872442451203, 54.02337225673503]
[-132.8295930920611, 203.25705212077798, 52.2744419146572]
[-131.96922564185908, 201.94051001899248, 50.174937241211225]
[-131.7870349323168, 201.66172013728527, 49.55169059504259]
[-131.5422914873872, 201.28721149064808, 48.5606051035723]
[-131.3576872676671, 201.00472843370338, 47.94027098041916]
[-131.23478715305174, 200.81666555990756, 47.68914211350966]
[-131.23478715305174, 200.81666555990756, 47.68914211350966]
[-131.23478715305174, 200.81666555990756, 47.68914211350966]
[-131.23478715305174, 200.81666555990756, 47.68914211350966]
[-131.23478715305174, 200.81666555990756, 47.68914211350966]
[-131.3576872676671, 201.00472843370338, 47.94027098041916]
[-131.29712434969235, 200.91205450548588, 48.057314724511826]
[-131.23478715305174, 200.81666555990756, 47.68914211350966]
[-131.23478715305174, 200.81666555990756, 47.68914211350966]
[-131.23478715305174, 200.81666555990756, 47.68914211350966]
[-131.23478715305174, 200.81666555990756, 47.68914211350966]
[-131.23478715305174, 200.81666555990756, 47.68914211350966]
[-132.35632725497157, 201.8558400419237, 48.909378443021396]
[-135.02842517024487, 201.85376510347513, 50.14529573983653]
[-139.65743526518028, 203.32811963303266, 53.53956839404471]
[-143.11174439633788, 203.63571740866774, 55.345201904147004]
[-147.45195538691647, 205.0931811506827, 58.916678988027755]
[-154.15437836282405, 206.29328422895273, 69.56544773124473]
[-159.40249962077374, 206.62741897535935, 73.43974356378108]
[-166.085844930304, 207.2845788332377, 81.70697987756225]
[-174.35451406883033, 207.62582350006485, 93.7305765398934]
[-180.89851941593733, 206.89478748620087, 101.01563290359051]
[-189.62233496774212, 205.7845741703986, 116.71545935534022]
[-197.51548150533446, 204.0628021417313, 131.49757111300437]
[-206.2754435092154, 200.42482688289275, 143.93306532044983]
[-212.56599159997933, 197.23241718411361, 159.531030291597]
[-221.12333682284353, 191.10549879403902, 179.79590722726454]
[-227.2974724591233, 185.14711667898953, 195.8207458692689]
[-233.111779703408, 175.452124304866, 218.5626884346052]
[-235.9886371186061, 165.98409909035308, 241.3016837735647]
[-238.74969126901397, 154.5905435122042, 261.4052449128412]
[-238.79301983591185, 142.42370865181502, 282.89482735223464]
[-235.831726571333, 127.72425474752255, 307.0194485300691]
[-229.915066917704, 113.34045142322117, 329.9702751768035]
[-220.99849974324434, 97.78603300843339, 352.88397107101326]
[-209.3019410369344, 82.0523200453066, 374.68132488127065]
[-188.4913661111887, 64.37754102291427, 399.9927496878496]
[-176.93230151103432, 52.05925897749071, 412.9600231576625]
[-151.21588205239, 37.76397040331012, 432.5629906009051]
[-118.21356760175365, 23.04898586406141, 450.7395003217882]
[-94.30877158230835, 13.77109317007716, 460.5976295579237]
[-60.677414585299886, 6.024678265827543, 469.78990957292416]
[-26.076851394101716, 1.5422238957251935, 474.87372025444836]
[-9.175986592745609, 0.11968019815966688, 475.90566328054837]
[32.969148611577104, 1.1386461717436425, 474.23013974121477]
[68.15178250790612, 5.607044294482257, 468.14319966099845]
[84.77563306541359, 11.053422861277484, 463.3667692322254]
[121.89664812405417, 22.024397470787854, 449.1892872507875]
[145.44253121694092, 33.020265159290744, 436.0901705197822]
[167.38847620089786, 45.643959131677796, 420.2217747463424]
[188.22696374625525, 61.398210377942945, 400.64375276999345]
[203.33016225941833, 75.77765891614862, 382.07520849205565]
[217.33164308382354, 91.80939231398119, 359.1851821172564]
[226.97528674314987, 107.59446350845087, 337.2070872998673]
[233.5346569428424, 123.25481610765578, 312.73366572961584]
[235.39223206673887, 135.0623283548069, 296.2329019206627]
[237.68635737263958, 148.77658902794468, 269.5222972980757]
[236.43727182200567, 160.40433281105987, 249.5570379872223]
[233.38580688740137, 170.66140888720236, 227.54161320867132]
[228.82128579256414, 179.48259666807235, 207.3014104996201]
[222.6275569344177, 186.51583833419986, 191.32280144829656]
[215.08506876918082, 191.73002587768156, 180.7888830100908]
[207.35777986890196, 195.98306255173628, 170.44817619360276]
[200.0894920883012, 199.24699500603083, 161.6138184433063]
[191.93901643193425, 202.61145173362848, 153.72965072816345]
[185.8681786141093, 204.2113765624701, 146.7416672367097]
[178.42305960144276, 205.96923110245385, 139.44087773223663]
[172.53783907718963, 206.74746986590725, 133.41292208456326]
[166.4873580816627, 207.13358526188694, 127.20447926591234]
[161.30145965156308, 207.76750808460895, 122.80769389962143]
[157.41602125313537, 207.98371190235054, 119.19721373824261]
[153.35480110818128, 208.5408364291809, 115.86010093755482]
[150.25225942570478, 208.31305250887232, 113.35961854464487]
[146.20109948457767, 208.03160384755955, 110.14738667504785]
[144.17575050626647, 207.84976440796174, 107.90446006394399]
[141.63392617785212, 207.5677039320325, 106.02373384545339]
[140.1139492736562, 207.38410360785218, 104.79853436733241]
[138.9935798253698, 207.78126766181333, 104.59255887290357]
[137.86709800493782, 207.472130295292, 103.2897871780475]
[137.45835583991533, 207.54716445895377, 102.99671209409746]
[136.97544557673342, 207.50893000400563, 102.7927963132973]
[136.56657267993802, 207.58156902308593, 102.50022413767122]
[136.24790815072518, 207.79086624821252, 102.50022413767122]
[136.24790815072518, 207.79086624821252, 102.50022413767122]
[136.56657267993802, 207.58156902308593, 102.50022413767122]
[136.24790815072518, 207.79086624821252, 102.50022413767122]
[136.24790815072518, 207.79086624821252, 102.50022413767122]
[136.24790815072518, 207.79086624821252, 102.50022413767122]
[136.56657267993802, 207.58156902308593, 102.50022413767122]
[136.6568920202537, 207.7188546707224, 102.7927963132973]
[138.96703412977996, 208.43289353351378, 104.92839985682785]
[143.6376681668954, 208.43695039528646, 108.5920814289189]
[148.8682291395382, 208.40949304679594, 112.84049305128877]
[155.84381215014514, 208.5541267760665, 118.80802932557188]
[164.5244510651777, 207.93843612279184, 126.47098283938132]
[173.43824348185015, 207.17936871727102, 135.15145599511965]
[182.1634894963938, 204.51109178533554, 142.87176201598123]
[192.67775454813113, 202.145172719752, 154.40875387668737]
[203.68585671567257, 197.9086884727864, 166.70495701494445]
[214.20248663231206, 192.12616829219004, 179.5362472079674]
[224.62240915506783, 185.27298508749283, 193.44111949918215]
[232.90591094081026, 175.29717633603696, 215.15657681138345]
[237.09314988824232, 161.91395455428471, 244.78262155833212]
[238.12156172505328, 147.022713654386, 273.6046591692878]
[236.9430248651944, 131.1614974617201, 299.14872138928683]
[230.70767384324844, 114.17152553468478, 326.5422544047411]
[221.0654124212477, 96.60130121354756, 352.51268161951475]
[207.6117721867726, 80.28918252086775, 376.22203582835715]
[192.04519070466196, 64.27790090173916, 396.7148510673419]
[173.0080219137776, 49.46564228194373, 415.73249404768046]
[153.49162712089398, 37.832288163526265, 430.7399322076849]
[133.08838653580813, 27.22337166829761, 443.40197522036806]
[112.74040931386807, 19.656298356856546, 453.2011947352988]
[92.87559976735963, 13.270863502471165, 460.9140655320771]
[74.52462096610085, 8.5561697021956, 466.465343875474]
[57.683227050612075, 5.013186084479377, 470.37011638672266]
[43.51080236703724, 2.908425078786308, 472.8066161025648]
[32.32845801415333, 1.5637231191846461, 474.2497611727219]
[21.82069441260794, 0.7871375965273271, 475.2105016729093]
[14.365066141460044, 0.341701725728101, 475.6530247926859]
[10.50860595555717, 0.1854445068698901, 475.8326525418131]
[7.736359739590258, 0.10090348174656666, 475.9121969728727]
[5.805721049810417, 0.057904172827256975, 475.9632921497685]
