Traj Not Smooth
[-0.13608564739096268, 0.0017749325461623804, 437.9997817942208]
[-0.13608564739096268, 0.0017749325461623804, 437.9997817942208]
[-0.13608564739096268, 0.0017749325461623804, 437.9997817942208]
[-0.4751488554072939, 0.006197252861682542, 437.99942936390414]
[-0.4751488554072939, 0.006197252861682542, 437.99942936390414]
[-0.13608564739096268, 0.0017749325461623804, 437.9997817942208]
[-0.13608564739096268, 0.0017749325461623804, 437.9997817942208]
[-0.13608564739096268, 0.0017749325461623804, 437.9997817942208]
[-0.13608564739096268, 0.0017749325461623804, 437.9997817942208]
[-0.13608564739096268, 0.0017749325461623804, 437.9997817942208]
[-0.13608564739096268, 0.0017749325461623804, 437.9997817942208]
[-0.4751488554072939, 0.006197252861682542, 437.99942936390414]
[-0.13608564739096268, 0.0017749325461623804, 437.9997817942208]
[-0.13608564739096268, 0.0017749325461623804, 437.9997817942208]
[-0.13608564739096268, 0.0017749325461623804, 437.9997817942208]
[-0.13608564739096268, 0.0017749325461623804, 437.9997817942208]
[-0.13608564739096268, 0.0017749325461623804, 437.9997817942208]
[-0.13608564739096268, 0.0017749325461623804, 437.9997817942208]
[-0.13608564739096268, 0.0017749325461623804, 437.9997817942208]
[-0.13608564739096268, 0.0017749325461623804, 437.9997817942208]
[-0.13608564739096268, 0.0017749325461623804, 437.9997817942208]
[-0.13608564739096268, 0.0017749325461623804, 437.9997817942208]
[-0.13608564739096268, 0.0017749325461623804, 437.9997817942208]
[-0.13608564739096268, 0.0017749325461623804, 437.9997817942208]
[-0.13608564739096268, 0.0017749325461623804, 437.9997817942208]
Start Here
[-0.13608821057766185, 0.0015661267927018902, 437.9997817942208]
[-0.13608821057766185, 0.0015661267927018902, 437.9997817942208]
[-77.71994314273702, -13.6733855422317, 426.3696194837493]
[-191.19620964741114, -76.31143506605093, 345.93556732431097]
[-191.19620964741114, -76.31143506605093, 345.93556732431097]
[-225.32558567705553, -148.36411987054694, 206.84019755176828]
[-188.11461708539926, -189.63608515501247, 100.36973032924071]
[-174.5211032018423, -175.9326271445816, 82.71591297440727]
[-116.7412435443594, -176.85542422022152, 50.464892402551726]
[-116.7412435443594, -176.85542422022152, 50.464892402551726]
[-114.96392076705342, -181.95536821281675, 51.63203548575983]
[-115.18830914142431, -181.69253989940393, 51.301872624475635]
[-115.18830914142431, -181.69253989940393, 51.301872624475635]
[-115.18830914142431, -181.69253989940393, 51.301872624475635]
[-115.24296953012211, -181.77875858711985, 51.63203548575983]
[-115.24296953012211, -181.77875858711985, 51.63203548575983]
[-115.18830914142431, -181.69253989940393, 51.301872624475635]
[-115.29776231392592, -181.86518610855563, 51.51977685880291]
[-115.29776231392592, -181.86518610855563, 51.51977685880291]
[-115.24296953012211, -181.77875858711985, 51.63203548575983]
[-115.24296953012211, -181.77875858711985, 51.63203548575983]
[-115.24296953012211, -181.77875858711985, 51.63203548575983]
[-115.18830914142431, -181.69253989940393, 51.301872624475635]
[-115.29776231392592, -181.86518610855563, 51.51977685880291]
[-115.29776231392592, -181.86518610855563, 51.51977685880291]
[-115.35224355412578, -181.95112221598325, 51.850253113292496]
[-115.35224355412578, -181.95112221598325, 51.850253113292496]
[-115.18830914142431, -181.69253989940393, 51.301872624475635]
[-115.24296953012211, -181.77875858711985, 51.63203548575983]
[-115.24296953012211, -181.77875858711985, 51.63203548575983]
[-114.90939273275363, -181.8690657581619, 51.301872624475635]
[-115.24296953012211, -181.77875858711985, 51.63203548575983]
[-115.24296953012211, -181.77875858711985, 51.63203548575983]
[-115.18830914142431, -181.69253989940393, 51.301872624475635]
[-115.35224355412578, -181.95112221598325, 51.850253113292496]
[-115.35224355412578, -181.95112221598325, 51.850253113292496]
[-115.35224355412578, -181.95112221598325, 51.850253113292496]
[-115.29776231392592, -181.86518610855563, 51.51977685880291]
[-115.29776231392592, -181.86518610855563, 51.51977685880291]
[-115.18830914142431, -181.69253989940393, 51.301872624475635]
[-115.24296953012211, -181.77875858711985, 51.63203548575983]
[-115.24296953012211, -181.77875858711985, 51.63203548575983]
[-115.24296953012211, -181.77875858711985, 51.63203548575983]
[-115.35224355412578, -181.95112221598325, 51.850253113292496]
[-115.35224355412578, -181.95112221598325, 51.850253113292496]
[-115.35224355412578, -181.95112221598325, 51.850253113292496]
[-115.35224355412578, -181.95112221598325, 51.850253113292496]
[-115.24296953012211, -181.77875858711985, 51.63203548575983]
[-115.18830914142431, -181.69253989940393, 51.301872624475635]
[-115.18830914142431, -181.69253989940393, 51.301872624475635]
[-115.29776231392592, -181.86518610855563, 51.51977685880291]
[-114.61963363469442, -180.79553830291832, 50.959884823061515]
[-114.61963363469442, -180.79553830291832, 50.959884823061515]
[-115.35224355412578, -181.95112221598325, 51.850253113292496]
[-115.18830914142431, -181.69253989940393, 51.301872624475635]
[-115.18830914142431, -181.69253989940393, 51.301872624475635]
[-115.24296953012211, -181.77875858711985, 51.63203548575983]
[-115.18830914142431, -181.69253989940393, 51.301872624475635]
[-115.18830914142431, -181.69253989940393, 51.301872624475635]
[-115.24296953012211, -181.77875858711985, 51.63203548575983]
[-115.24296953012211, -181.77875858711985, 51.63203548575983]
[-116.4826399445497, -183.73415551858236, 52.573235269246396]
[-116.4826399445497, -183.73415551858236, 52.573235269246396]
[-186.38973917872616, -179.4426082766361, 138.25059914228558]
[-222.93419420783033, -135.29441568635872, 235.5931635326827]
[-222.93419420783033, -135.29441568635872, 235.5931635326827]
[-205.32093036462433, -66.97413285865093, 335.0573126087879]
[-144.2249695042964, -12.088624002506801, 394.7135472916531]
[-123.7517095920544, -10.372599779826574, 409.99273256330184]
[2.6280110242516344, -0.35906848326705987, 437.17095558432015]
[2.6280110242516344, -0.35906848326705987, 437.17095558432015]
[129.9804184586139, -47.30900342853186, 396.59312962117315]
[202.77465499466973, -125.19857457832086, 285.09068981170066]
[202.77465499466973, -125.19857457832086, 285.09068981170066]
[183.92526825000868, -174.37103156152304, 173.84327043000638]
[129.08165447872986, -188.550030568681, 118.60856195104604]
[129.08165447872986, -188.550030568681, 118.60856195104604]
[119.60633696563546, -188.0227511429674, 104.1584118844103]
[119.8266037703461, -187.73234090675177, 104.24243387754335]
[119.8266037703461, -187.73234090675177, 104.24243387754335]
[119.8266037703461, -187.73234090675177, 104.24243387754335]
[119.8266037703461, -187.73234090675177, 104.24243387754335]
[119.8266037703461, -187.73234090675177, 104.24243387754335]
[119.55704472386067, -187.31002274686898, 103.61579699965446]
[119.5687785066615, -187.32840606445936, 103.95676859605042]
[119.5687785066615, -187.32840606445936, 103.95676859605042]
[119.2812095234257, -187.5116464832376, 103.95676859605042]
[119.53841470426045, -187.91597644547588, 104.24243387754335]
[119.53841470426045, -187.91597644547588, 104.24243387754335]
[119.8266037703461, -187.73234090675177, 104.24243387754335]
[119.2812095234257, -187.5116464832376, 103.95676859605042]
[119.2812095234257, -187.5116464832376, 103.95676859605042]
[119.90597522534898, -187.8566921658213, 104.50034574358014]
[119.90597522534898, -187.8566921658213, 104.50034574358014]
[119.5687785066615, -187.32840606445936, 103.95676859605042]
[119.8266037703461, -187.73234090675177, 104.24243387754335]
[119.8266037703461, -187.73234090675177, 104.24243387754335]
[119.5687785066615, -187.32840606445936, 103.95676859605042]
[119.2812095234257, -187.5116464832376, 103.95676859605042]
[119.2812095234257, -187.5116464832376, 103.95676859605042]
[119.2812095234257, -187.5116464832376, 103.95676859605042]
[119.90597522534898, -187.8566921658213, 104.50034574358014]
[119.90597522534898, -187.8566921658213, 104.50034574358014]
[119.5687785066615, -187.32840606445936, 103.95676859605042]
[119.53841470426045, -187.91597644547588, 104.24243387754335]
[119.53841470426045, -187.91597644547588, 104.24243387754335]
[119.64838608892767, -187.4531272641138, 104.21394552819996]
[119.5687785066615, -187.32840606445936, 103.95676859605042]
[119.5687785066615, -187.32840606445936, 103.95676859605042]
[119.53841470426045, -187.91597644547588, 104.24243387754335]
[119.64838608892767, -187.4531272641138, 104.21394552819996]
[119.64838608892767, -187.4531272641138, 104.21394552819996]
[119.36062564541459, -187.63648968235455, 104.21394552819996]
[119.5687785066615, -187.32840606445936, 103.95676859605042]
[119.5687785066615, -187.32840606445936, 103.95676859605042]
[119.53841470426045, -187.91597644547588, 104.24243387754335]
[119.53841470426045, -187.91597644547588, 104.24243387754335]
[119.53841470426045, -187.91597644547588, 104.24243387754335]
[119.64838608892767, -187.4531272641138, 104.21394552819996]
[119.64838608892767, -187.4531272641138, 104.21394552819996]
[119.2812095234257, -187.5116464832376, 103.95676859605042]
[119.36062564541459, -187.63648968235455, 104.21394552819996]
[121.14258579246892, -190.4377547137596, 106.26986045478195]
[164.9804856458698, -154.0243612840407, 106.26986045478195]
[178.63469463989276, -166.7718132684981, 201.3300553156489]
[190.09700936072156, -109.07303325856644, 300.84257944757206]
[190.09700936072156, -109.07303325856644, 300.84257944757206]
[137.262700856687, -41.304206406852714, 387.66436351522395]
[49.08723814610407, -3.5082078275576154, 431.8892701277044]
[49.08723814610407, -3.5082078275576154, 431.8892701277044]
[0.4336646051519226, -0.005656183708927683, 437.9768605221023]
[-1.8810934899227647, 0.024534652416443026, 437.99276667833436]
[-1.8810934899227647, 0.024534652416443026, 437.99276667833436]
[4.603171075657643, -0.060038059224368716, 437.9598259187753]
[0.33674626354065684, -0.004392100962936034, 437.99358789769036]
[0.33674626354065684, -0.004392100962936034, 437.99358789769036]
[0.6405218691172246, -0.008354173520911681, 437.9942871078429]
[1.4705156446505712, -0.019179583794029863, 437.9910477481026]
[1.4705156446505712, -0.019179583794029863, 437.9910477481026]
[0.48863379814243335, -0.006373133744031392, 437.9940540376345]
[0.9795758744777181, -0.012776373808393103, 437.99292756390173]
[0.9795758744777181, -0.012776373808393103, 437.99292756390173]
[0.9795758744777181, -0.012776373808393103, 437.99292756390173]
[0.6405218691172246, -0.008354173520911681, 437.9942871078429]
[0.6405218691172246, -0.008354173520911681, 437.9942871078429]
[0.9795758744777181, -0.012776373808393103, 437.99292756390173]
[0.9795758744777181, -0.012776373808393103, 437.99292756390173]
[0.4217538832628506, -0.005500835012468658, 437.9977823671521]
[0.97959432488671, -0.011273341839456592, 437.99292756390173]
[0.97959432488671, -0.011273341839456592, 437.99292756390173]
[0.9795758744777181, -0.012776373808393103, 437.99292756390173]
[0.48863379814243335, -0.006373133744031392, 437.9940540376345]
[0.48863379814243335, -0.006373133744031392, 437.9940540376345]
[0.9795758744777181, -0.012776373808393103, 437.99292756390173]
[0.9795758744777181, -0.012776373808393103, 437.99292756390173]
[0.9795758744777181, -0.012776373808393103, 437.99292756390173]
[0.9795758744777181, -0.012776373808393103, 437.99292756390173]
[0.9795758744777181, -0.012776373808393103, 437.99292756390173]
[0.9795758744777181, -0.012776373808393103, 437.99292756390173]
[0.9795758744777181, -0.012776373808393103, 437.99292756390173]
[0.97959432488671, -0.011273341839456592, 437.99292756390173]
[0.97959432488671, -0.011273341839456592, 437.99292756390173]
[0.9795758744777181, -0.012776373808393103, 437.99292756390173]
[0.9795758744777181, -0.012776373808393103, 437.99292756390173]
[0.9795758744777181, -0.012776373808393103, 437.99292756390173]
[0.9795758744777181, -0.012776373808393103, 437.99292756390173]
[0.9795758744777181, -0.012776373808393103, 437.99292756390173]
[0.9795758744777181, -0.012776373808393103, 437.99292756390173]
[0.9795758744777181, -0.012776373808393103, 437.99292756390173]
[0.9795758744777181, -0.012776373808393103, 437.99292756390173]
[0.9795758744777181, -0.012776373808393103, 437.99292756390173]
[0.9795758744777181, -0.012776373808393103, 437.99292756390173]
[0.9795758744777181, -0.012776373808393103, 437.99292756390173]
[0.9795758744777181, -0.012776373808393103, 437.99292756390173]
[0.97959432488671, -0.011273341839456592, 437.99292756390173]
[0.97959432488671, -0.011273341839456592, 437.99292756390173]
[0.97959432488671, -0.011273341839456592, 437.99292756390173]
[0.9795758744777181, -0.012776373808393103, 437.99292756390173]
[0.9795758744777181, -0.012776373808393103, 437.99292756390173]
[0.9795758744777181, -0.012776373808393103, 437.99292756390173]
[0.9795758744777181, -0.012776373808393103, 437.99292756390173]
[0.9795758744777181, -0.012776373808393103, 437.99292756390173]
End Here
[0.9795758744777181, -0.012776373808393103, 437.99292756390173]
[0.9795758744777181, -0.012776373808393103, 437.99292756390173]
[0.6405218691172246, -0.008354173520911681, 437.9942871078429]
[0.6405218691172246, -0.008354173520911681, 437.9942871078429]
[0.9795758744777181, -0.012776373808393103, 437.99292756390173]
[0.6405339334103142, -0.007371375892704012, 437.9942871078429]
[0.6405339334103142, -0.007371375892704012, 437.9942871078429]
[0.9795758744777181, -0.012776373808393103, 437.99292756390173]
[0.9795758744777181, -0.012776373808393103, 437.99292756390173]
[0.9795758744777181, -0.012776373808393103, 437.99292756390173]
[0.9795758744777181, -0.012776373808393103, 437.99292756390173]
[0.97959432488671, -0.011273341839456592, 437.99292756390173]
[0.97959432488671, -0.011273341839456592, 437.99292756390173]
[0.6405218691172246, -0.008354173520911681, 437.9942871078429]
[0.97959432488671, -0.011273341839456592, 437.99292756390173]
[0.97959432488671, -0.011273341839456592, 437.99292756390173]
[0.9795758744777181, -0.012776373808393103, 437.99292756390173]
[0.97959432488671, -0.011273341839456592, 437.99292756390173]
[0.97959432488671, -0.011273341839456592, 437.99292756390173]
